2329	8535
836	1
637	30
2168	2138
135	12
1010	12
499	2
354	126
513	514
818	279
1202	87
205	206
572	903
30	377
275	87
30	372
30	370
81	69
59	1098
27	1
57	276
29	128
2158	153
2197	2138
30	113
30	110
30	111
2032	198
30	114
30	115
12	1002
1390	411
30	1234
4	2049
25	30
48	130
4	2048
327	61
474	57
1218	431
1217	2311
12	1007
1145	58
1145	59
78	1140
2274	229
1145	52
790	685
392	130
72	229
921	1395
630	1652
150	205
804	57
150	208
60	108
723	733
119	2176
55	1
1836	909
494	20
715	69
106	23
108	1159
832	78
694	1673
411	1
89	90
199	200
774	206
1868	57
264	1048
538	888
321	384
49	526
59	172
59	170
59	174
59	179
1961	96
35	323
1080	12
211	212
1	133
2194	52
120	1205
1	131
1963	30
939	12
883	762
795	20
60	12
377	12
120	901
795	29
78	346
35	1199
603	2
35	652
12	2178
52	2156
537	1596
82	83
1827	249
143	548
696	74
247	2085
247	2082
715	1526
81	82
1248	927
31	12
150	836
35	1228
1427	1677
97	467
124	712
1191	12
58	909
1748	59
1154	75
1022	12
834	2074
247	1195
274	12
639	150
108	355
348	349
1820	30
1300	87
137	138
120	2134
199	1251
20	2262
63	30
150	1111
126	276
150	1118
126	279
20	336
1068	35
229	1166
1091	1
1587	416
959	960
538	1695
2327	630
752	753
12	719
2238	2318
604	694
555	1
65	330
29	330
45	2
58	670
21	20
97	1690
30	1477
945	946
1040	1446
1688	4
227	409
341	624
40	59
356	534
310	108
870	1
9	2263
453	12
196	35
216	1
122	69
122	65
1039	863
311	25
30	585
30	587
1374	20
30	583
927	206
539	120
785	1734
69	1667
69	1660
2138	124
264	362
150	2113
1665	1666
55	775
451	108
115	78
38	468
30	636
30	630
846	264
1567	1568
29	122
694	202
434	403
197	1979
16	30
297	12
426	2245
12	397
1138	1139
2	1363
2	1360
262	12
2163	1360
858	58
30	624
403	441
1322	61
20	1174
1832	30
291	701
1171	23
172	96
1081	1277
1548	689
579	682
57	1722
243	1353
774	543
30	966
30	965
741	99
30	963
35	1506
40	4
1641	2235
69	219
150	548
1947	275
23	271
345	116
994	78
2059	2060
715	1060
522	59
1698	1682
958	16
800	23
552	170
20	526
20	157
2212	2213
1716	30
541	786
349	299
126	1853
116	226
116	227
1215	20
115	1290
630	29
2185	1068
715	1207
1896	161
924	28
279	1265
72	1945
30	1641
30	1860
12	1454
1871	96
12	1324
12	1451
12	1453
12	1452
661	858
661	855
2015	504
1612	461
163	126
95	96
920	762
229	331
216	349
58	244
58	245
41	630
12	181
12	182
153	390
471	20
1	1262
1	1260
96	747
1480	1481
161	352
161	350
170	430
885	10
264	116
1	645
2308	733
128	618
1	761
846	1620
1029	641
2176	1
713	866
1100	12
388	1418
12	451
30	1542
99	83
141	1166
99	87
282	12
30	1540
719	59
2184	12
1195	61
595	12
96	350
779	522
290	29
350	72
12	981
30	359
154	730
1193	431
12	235
218	153
30	352
362	30
30	355
2	2165
170	60
1743	397
157	1525
316	120
770	29
2049	59
30	137
726	77
29	106
30	132
675	12
574	229
534	1077
126	216
1333	1334
1046	240
1962	12
61	783
1072	20
61	789
694	2023
819	820
316	1518
543	108
72	206
2	389
630	1985
1358	229
936	23
150	222
804	30
150	221
150	227
150	225
256	933
322	1
23	1140
345	59
1456	29
1174	52
122	211
20	2313
1356	12
1963	2
48	49
832	715
12	973
774	1312
327	522
61	124
61	120
824	349
61	128
702	35
623	229
202	330
78	170
65	100
229	108
52	904
60	124
1611	52
235	2038
256	229
2188	2189
1652	58
1428	4
346	72
12	2158
12	2153
1376	1920
1837	153
639	30
355	712
143	567
1672	120
323	2223
531	648
1361	1362
1070	291
353	229
1091	229
279	1013
445	446
685	1942
776	4
87	1396
1048	12
216	152
88	279
120	388
616	1
1273	1
108	624
774	812
853	935
106	1005
308	30
99	1098
58	1412
38	349
368	481
227	240
227	243
330	1443
330	1444
54	700
2245	153
1	1526
23	847
256	1594
30	1457
12	1150
12	1152
30	1452
1081	178
1417	4
30	1458
1383	20
1719	161
1140	1873
1222	30
1075	936
65	1363
1908	777
35	858
35	855
205	679
202	532
203	921
150	2281
890	12
1939	30
1697	12
61	1740
141	355
141	356
23	26
327	1
246	39
122	41
599	561
982	4
213	87
4	1913
345	105
99	203
52	128
244	1
291	96
150	2136
52	120
531	12
1	937
1	247
1	932
1	931
52	427
41	2014
2099	1
1	249
52	424
128	2112
12	322
30	653
784	57
30	656
267	1
1387	1397
1169	119
26	1080
1130	12
426	1944
1503	12
1904	532
87	612
87	617
4	26
333	12
907	908
1372	463
1213	1370
199	2115
364	4
468	52
2	80
427	2310
621	622
9	96
1686	49
26	174
75	1466
59	41
57	1701
897	20
2275	130
61	2184
270	271
66	67
1230	12
698	67
787	590
1029	61
1029	65
1476	30
216	29
1279	178
24	276
65	2077
35	1740
1831	12
1	2228
1079	12
1258	355
279	881
30	64
30	67
30	60
1716	12
30	2168
72	1684
733	2080
1263	20
321	1952
56	108
643	534
1463	12
681	20
1570	20
228	12
61	1655
82	549
12	1301
645	198
278	29
1228	78
358	774
480	30
72	464
1410	1953
1903	57
1781	1445
1676	198
2008	20
108	109
789	790
316	11
2304	733
276	2192
1243	99
281	282
1379	81
626	1
755	1
1	1209
254	150
141	105
1740	99
78	1415
1923	526
1773	65
568	460
1100	1684
636	65
9	216
241	126
214	12
1684	65
694	761
1900	229
119	57
508	733
569	228
141	1186
98	256
733	1856
733	1850
733	1851
4	1497
2276	2277
502	449
212	12
350	59
1091	733
30	336
579	537
383	497
30	338
373	679
20	108
1725	630
979	342
528	12
782	29
360	661
103	1232
733	1140
87	1926
1232	87
2300	1977
23	108
266	221
23	103
1098	150
895	807
29	473
30	485
30	481
872	659
2141	12
514	29
116	1781
69	1145
551	552
57	30
122	182
57	39
2147	119
12	1959
72	260
1060	39
250	1190
1113	624
42	574
1060	30
58	59
1912	1
1597	12
203	130
256	661
2222	323
256	2321
72	125
59	204
1887	1893
739	114
59	203
59	202
199	245
108	1115
1464	29
593	1
1011	1012
1967	124
1498	126
198	154
73	29
438	439
1314	1215
1942	41
1253	124
321	1545
52	923
229	120
241	1852
2	713
321	1549
1886	397
336	29
126	1137
1394	1302
197	1980
1385	1386
12	2139
264	2027
224	150
575	161
282	504
1126	930
412	29
1949	65
1388	1399
1584	38
279	1038
80	119
31	59
256	1148
1030	1
2037	2152
1175	1148
381	30
1555	30
159	160
661	153
61	774
52	2086
108	311
88	256
668	12
12	1794
361	170
603	120
227	228
356	105
660	1
198	1220
2052	12
1068	75
1733	41
1695	99
1840	1457
30	815
1958	12
789	2162
948	431
1194	59
65	803
1268	12
1995	1996
12	1172
772	55
58	639
462	52
203	494
733	412
58	630
929	930
346	1360
429	12
621	12
1254	1030
1430	12
12	374
12	373
12	371
690	1403
35	875
12	378
52	328
1715	1716
14	1153
52	321
52	323
460	23
2149	30
90	29
821	12
1	1010
198	199
246	10
1355	943
733	1448
99	605
785	1776
279	196
52	148
1556	366
1645	954
1178	616
229	944
108	1
1800	12
1515	29
1216	4
128	429
1705	61
182	1029
40	12
1	264
1509	29
96	1272
49	2
1082	161
71	72
314	1536
276	782
69	1031
1258	2129
694	247
99	1216
155	96
157	760
16	75
1762	1
1253	26
20	1608
1618	30
866	35
716	1118
559	1
256	271
559	4
61	358
29	731
72	1520
2253	61
30	679
1590	1591
878	12
2041	99
711	59
1	1502
48	899
1637	4
206	1029
803	125
446	1
803	122
1824	61
35	125
430	38
31	1
87	893
2192	316
600	601
522	630
1962	52
65	650
65	60
65	66
382	630
1901	59
858	1151
858	1153
630	65
1227	69
30	45
30	44
808	694
645	1740
645	575
1502	69
56	124
1524	1525
153	803
1763	249
1576	2200
1230	78
35	1097
522	947
480	12
1837	349
30	1823
1283	30
802	12
131	203
115	31
1322	122
119	1075
2	500
78	153
2184	888
20	873
692	108
316	30
1294	2256
52	2270
1	982
229	1025
119	256
446	161
198	2033
283	4
96	709
206	207
1	1223
1219	20
1	1224
97	368
2	2054
486	596
1376	1042
86	1672
2115	30
659	203
2316	23
119	75
1946	12
251	161
128	653
14	160
20	296
35	2017
687	152
65	1176
508	12
508	11
19	20
106	116
712	1790
126	314
2225	2
12	144
12	411
12	141
12	140
12	143
154	2283
1632	2
4	1300
1882	12
1026	98
20	120
12	1583
4	69
20	128
30	312
52	795
52	796
35	179
52	1027
1090	694
869	12
59	1312
1802	12
461	4
679	1
733	352
938	939
876	61
1532	1040
846	29
1209	12
522	2055
57	12
1026	1027
952	953
733	82
685	4
940	108
1060	12
782	182
1258	2207
150	2071
150	2072
1259	61
538	52
58	78
970	4
1933	35
58	75
1848	12
58	73
59	226
59	221
59	220
30	1575
647	130
59	229
1028	57
72	106
935	411
1135	12
733	235
659	52
235	571
1135	661
96	283
255	1228
659	58
1451	1
661	1797
206	1967
1360	59
150	663
61	161
1785	1690
1360	52
1267	1268
229	141
128	1304
128	1306
52	948
44	61
1525	1060
571	12
12	2273
11	832
99	534
451	1091
30	2315
126	1404
30	1157
126	1400
99	532
346	32
346	35
141	484
799	61
431	87
841	52
1020	41
639	4
984	1
125	126
204	205
1377	69
279	844
1829	1801
24	12
75	355
75	356
724	12
218	29
253	396
126	127
985	1091
1083	99
327	128
2025	59
87	1358
661	170
362	2244
222	487
694	35
604	229
694	30
58	1639
26	116
263	264
1300	20
120	2193
72	1844
247	279
522	1407
30	1143
30	1141
330	478
1068	52
1068	199
538	397
358	29
26	35
52	106
661	426
1846	150
276	12
125	20
30	1368
733	161
30	1363
30	1490
1511	426
12	1115
30	1365
413	96
1457	65
16	154
1485	539
362	1446
1	1798
1291	58
12	355
52	300
12	359
12	605
2072	2073
61	1709
1697	59
246	72
639	397
196	58
196	59
1592	532
23	69
52	1238
170	646
427	88
52	1230
249	1759
150	1576
150	1571
1966	20
119	143
29	119
898	1506
843	268
2011	1
1132	23
2049	99
156	130
125	728
492	12
35	814
572	647
50	1
1	203
1	202
390	30
57	176
733	831
733	833
20	1447
1746	30
1001	356
47	12
868	1726
223	29
157	1463
223	20
157	1466
1860	1058
16	57
762	1847
143	1933
2264	1920
29	538
724	1
29	532
99	346
29	531
72	56
2	47
2	46
72	58
1580	29
103	1001
59	88
59	87
61	804
61	373
29	759
38	150
522	1187
334	335
2210	1
1334	12
349	766
1423	431
856	20
453	454
430	12
206	65
216	69
661	785
2088	150
1446	12
1940	99
561	1
689	321
1742	1743
2044	52
35	1876
65	632
339	154
59	1132
1583	1584
330	319
478	57
275	1323
356	357
116	245
35	246
35	244
1118	1509
52	2203
30	21
30	22
1510	330
78	124
561	49
1230	59
75	2197
229	682
229	681
229	30
229	39
733	2266
592	80
229	354
229	356
52	2259
785	2117
58	1846
54	932
1714	12
917	20
31	126
522	216
179	639
833	59
1635	12
833	57
1201	694
141	142
137	356
206	775
12	1349
12	1345
12	1618
1839	153
659	888
2142	2143
99	65
1829	1036
99	61
235	1805
235	1807
235	1800
99	69
1938	69
12	161
218	355
1731	12
65	1155
1709	785
197	45
452	20
229	1004
461	52
1855	451
967	820
199	1409
108	851
4	41
108	854
199	1406
199	1404
1439	130
30	1772
30	1773
12	299
12	298
275	1528
39	205
1068	99
1656	165
23	141
61	218
289	431
1660	537
188	126
30	194
1091	330
256	949
252	253
840	909
90	91
882	25
1286	61
828	829
479	327
59	1814
12	708
327	2185
784	694
2231	96
539	643
246	377
57	78
12	831
733	65
636	12
426	1836
733	61
61	1138
58	12
2246	2247
58	10
61	1136
59	241
30	734
30	735
97	2138
59	244
59	247
59	249
750	30
860	867
860	861
57	2021
956	362
52	774
244	1097
346	199
659	30
122	61
769	630
349	2214
522	778
349	2218
1368	345
150	396
2156	2157
229	161
575	349
775	29
798	161
197	921
256	621
87	447
2030	694
321	179
203	1886
371	372
150	640
4	912
225	20
412	61
1683	1688
61	141
61	630
157	269
1777	1091
493	1148
75	373
116	180
1941	1891
774	643
774	645
2251	20
661	198
78	2230
330	1792
30	574
694	17
779	65
694	11
20	621
491	472
1196	1197
152	20
116	764
12	1282
121	20
330	103
275	1178
72	522
87	93
161	438
254	1091
125	41
1484	1485
831	870
41	220
141	554
198	223
30	447
141	558
2119	4
235	94
1834	1835
52	363
1553	1554
52	364
106	703
1844	20
12	330
1768	161
950	951
122	1696
446	229
189	190
61	30
174	1892
1	198
65	1526
1546	29
65	1529
1	196
119	120
1897	161
99	642
119	124
52	182
141	2007
1172	1087
81	291
235	299
56	69
1796	87
1	221
2166	2167
1	229
41	2075
1019	12
1573	52
1595	2292
1693	1
35	832
782	864
733	819
1638	59
403	733
20	1462
4	1647
274	119
374	658
733	1592
1786	29
911	1749
30	509
30	508
30	507
2029	2030
30	503
30	502
72	78
2303	20
900	2
1747	267
72	73
291	789
1883	321
1718	350
29	99
220	712
1716	161
93	1219
29	96
61	827
1804	1
858	1331
20	34
349	740
1134	1
2	157
2	152
38	288
52	1908
108	1074
570	203
2	1819
20	1647
532	279
4	744
715	59
1654	69
2	1813
793	12
49	150
624	29
1657	20
733	2068
58	1285
35	1589
1091	4
465	503
1115	1130
388	980
165	150
52	96
1264	128
468	694
632	157
632	150
807	1923
1228	646
791	229
893	770
95	12
10	111
426	1643
1384	61
330	661
643	1
1720	29
1043	57
1732	12
75	2069
202	1929
124	52
26	323
124	59
58	1863
126	2
263	30
161	604
61	2033
1830	1831
1308	69
602	236
909	1762
825	220
2148	439
116	99
508	52
942	1078
86	29
97	188
12	103
891	893
891	892
1178	2084
1158	30
442	2
247	41
534	2
69	896
170	562
20	789
291	203
733	1299
20	161
174	218
337	161
215	659
403	12
119	330
1360	2125
99	1629
61	580
522	1585
23	161
1809	2324
23	165
52	1067
1379	263
522	1582
203	47
301	38
20	1729
388	91
153	206
97	289
52	2135
282	96
96	1779
57	59
57	58
2144	2145
2	307
1581	52
58	30
838	1
264	260
538	12
352	694
2183	342
34	35
30	711
1600	264
936	150
69	1035
534	1614
41	886
247	1896
659	12
1962	99
855	694
116	1099
143	1117
315	316
1766	733
178	78
814	61
1228	2
28	29
538	2118
69	14
69	10
1312	1317
1710	20
1192	96
122	291
267	26
1445	1716
267	20
1168	4
1091	119
35	1131
271	645
1569	782
2033	1091
51	1450
51	1451
2180	153
290	1045
661	1138
2087	229
26	30
473	12
1360	12
2009	12
473	11
75	1360
321	632
88	925
774	661
20	426
1728	20
888	465
1790	153
126	164
944	126
122	833
249	247
156	1427
119	581
97	1940
12	1730
30	1102
30	1100
30	1109
434	52
72	1801
369	12
330	126
635	636
784	150
1005	212
256	56
56	4
994	362
789	382
717	718
20	2
305	306
20	9
605	858
29	1583
1740	150
1860	2208
216	161
30	528
1156	733
35	783
1049	538
206	185
587	48
586	712
1676	853
1812	2041
52	349
2321	271
52	439
637	108
52	343
584	41
52	436
52	346
52	345
61	56
61	57
249	1791
170	685
201	10
133	526
201	12
1990	12
1474	1
128	772
161	1682
617	199
515	12
605	323
170	171
276	59
737	738
702	330
10	694
59	1448
575	630
221	30
769	30
607	47
729	1
531	203
694	116
220	1255
243	106
133	295
209	124
12	316
359	172
12	649
428	78
157	1134
1466	52
1745	59
810	279
449	153
335	38
130	330
30	526
30	524
30	523
30	521
30	520
54	694
769	1125
30	529
279	179
23	1215
1699	1700
119	108
1348	2
1622	12
126	989
258	170
249	330
23	404
23	405
12	1894
72	347
35	81
35	82
35	83
172	35
395	396
863	539
522	150
342	621
99	1387
430	52
572	1171
647	694
1784	1737
2	1380
30	274
793	30
178	1
785	1643
941	712
715	30
809	30
161	1904
1176	691
1182	52
1530	1531
83	1151
8	1
97	64
1965	1966
8	9
218	30
287	38
534	1808
264	1256
1830	1576
325	61
1151	694
20	916
67	20
229	70
1266	229
1532	2123
640	126
1044	290
349	2007
2	561
12	91
12	94
12	96
12	99
130	41
1734	274
709	1088
116	572
30	2044
116	575
1542	126
10	176
590	279
1701	1
255	12
75	194
263	59
449	1231
796	349
116	632
243	926
522	256
161	807
30	898
472	388
178	65
4	1871
355	215
161	2069
88	151
88	150
185	1
2062	12
362	453
388	1081
1706	1707
20	980
1388	4
2120	119
99	23
99	26
787	810
1350	12
12	128
1041	1042
157	1962
12	122
12	120
12	126
1	1448
229	1731
136	137
525	20
1538	87
170	543
108	895
866	20
1721	1029
2291	153
916	917
52	1597
12	1074
65	960
20	189
20	187
485	38
147	29
153	198
23	1172
1791	165
330	2243
20	1226
1558	1467
303	30
390	2258
259	1
1258	1961
1239	128
1758	1
1	1640
175	176
1	1646
185	30
635	1539
12	789
1876	235
12	785
12	784
847	803
91	2
91	4
733	661
761	12
179	180
35	1919
733	1720
1457	247
152	803
130	202
977	38
690	880
172	116
1094	1095
52	661
37	38
52	664
150	2010
366	264
148	229
126	2128
1919	78
1318	1319
728	1312
853	58
52	1736
759	65
194	647
2282	661
30	778
150	2295
432	61
769	687
899	35
338	12
30	1783
694	323
122	106
1468	1469
2071	712
232	1398
362	216
178	59
991	20
1835	1
2	1735
775	65
526	126
661	30
733	2009
1377	12
1718	1914
2016	12
1503	1
1808	1733
1097	30
2039	255
12	987
915	150
481	20
2240	2041
30	350
267	126
258	345
41	2
265	759
131	52
661	1159
49	69
1206	124
713	315
190	12
1363	12
20	401
144	145
913	914
267	694
694	53
694	52
1712	255
694	56
58	1129
330	1757
477	52
26	420
477	57
511	658
271	661
56	531
116	2035
1309	52
1783	352
1290	661
150	1116
30	1123
12	1715
268	279
256	74
49	349
280	23
870	59
2	970
2	971
87	56
1240	61
459	20
72	568
765	1
2089	1093
2035	41
306	61
148	476
2022	59
202	215
30	1382
30	1387
143	144
152	126
141	55
1857	161
235	2182
520	52
221	333
150	2127
97	283
108	397
1045	150
52	2002
61	72
61	75
884	14
2287	1
1196	367
124	1280
206	477
93	30
501	12
1	157
545	291
1	150
1	1092
1396	20
831	346
78	1262
65	1070
537	52
161	162
81	255
473	980
346	1052
1132	42
56	29
276	447
773	30
615	12
329	1
2104	1
140	141
576	61
2125	12
750	2
1103	271
150	1041
52	411
114	1
72	982
1563	30
1694	538
72	985
1034	35
932	1096
170	1403
30	541
30	540
617	69
10	1164
30	545
279	116
30	546
128	329
65	229
271	99
221	11
221	10
1595	29
271	96
150	1269
2078	20
1481	30
45	12
2312	96
29	54
120	189
29	52
96	1326
202	4
72	362
157	2268
487	349
108	78
1116	12
122	647
116	1911
87	817
2249	2250
1220	1221
2221	12
12	254
1605	29
4	2008
2	118
108	1030
35	1811
248	13
362	972
72	30
855	150
72	35
855	153
2	21
61	785
205	23
824	229
256	411
69	1834
618	431
1554	20
321	1202
72	775
1323	61
97	40
1166	1191
150	54
150	55
248	9
1181	1182
329	29
248	1
785	189
271	12
12	78
526	661
645	245
1816	26
355	694
708	30
240	29
887	659
1164	29
124	12
1376	2172
625	26
137	336
165	12
2129	765
150	1862
126	641
366	20
2276	2278
1418	526
366	23
127	12
1030	1066
781	782
718	694
362	479
2018	96
975	976
1954	150
150	220
42	1526
1776	985
858	1732
1	668
122	1132
1700	59
2079	249
1869	777
916	331
227	1090
1261	733
1967	12
2292	30
2036	2037
1406	23
170	522
337	128
1078	30
538	733
106	997
726	897
30	1243
12	1506
605	484
659	866
61	1522
61	1521
1701	229
153	1249
694	831
559	541
1499	41
2302	153
605	155
210	52
355	20
1389	65
878	879
143	65
355	29
58	464
97	1519
522	1312
1878	126
2219	29
1736	150
59	1875
1741	853
12	853
154	116
12	850
99	143
30	282
87	41
30	281
1663	65
99	148
99	149
1040	150
886	694
69	1212
30	537
668	669
1255	12
1542	20
759	46
1495	1496
1	1669
297	298
65	598
223	1
59	1258
346	170
12	918
208	59
29	945
429	1191
122	123
867	20
1578	733
69	55
1270	1271
1794	180
9	1
431	346
999	130
503	291
58	840
783	1207
1727	52
534	535
630	2056
279	705
30	756
532	1300
1052	35
1814	72
20	754
586	20
1029	1830
4	428
834	1
162	29
774	330
162	20
41	1298
26	72
993	23
946	229
661	468
1386	98
1652	30
114	217
762	763
131	38
910	52
2	1972
1832	150
1893	4
522	713
760	1438
116	120
247	140
380	12
170	2155
69	592
492	130
330	1774
1998	12
78	643
504	12
1234	321
1075	96
2013	57
35	1178
943	229
1934	630
76	67
605	1126
58	124
853	122
1624	1625
12	129
816	1
256	12
13	818
62	12
247	26
198	1288
2	1728
732	733
498	499
2322	229
35	430
1975	411
368	1560
12	593
141	505
1945	69
557	23
52	853
249	170
1767	30
2284	1752
520	522
662	4
167	168
845	846
143	1718
526	850
97	269
97	267
1047	264
330	1952
150	2009
61	93
1633	733
1	96
1	99
321	834
217	645
65	1014
1	172
1	170
595	368
24	712
359	354
694	153
1	282
1448	694
1	1875
2080	12
1294	1768
199	1813
1031	12
572	58
1422	64
52	476
54	61
504	74
141	936
1789	694
137	1303
12	2327
1237	52
718	65
2310	61
75	872
30	1507
1491	1492
30	569
30	568
30	563
715	909
30	561
30	560
137	595
97	1189
30	565
23	1259
1100	1
506	12
29	74
29	72
349	1546
35	982
35	985
279	390
690	969
108	55
52	296
52	291
108	52
97	1238
108	58
1466	12
132	126
24	1
217	1230
24	4
685	12
108	1018
108	1019
1931	1
35	182
78	430
199	321
264	58
782	316
1486	12
153	713
330	990
563	20
61	1343
272	99
218	72
107	108
87	741
152	694
2182	2183
157	302
256	126
775	249
202	254
330	2240
12	2319
532	10
178	1367
1230	1
30	257
1642	29
116	217
150	73
645	175
863	12
658	642
75	1863
161	157
349	2040
12	54
12	56
150	162
12	51
12	52
150	868
69	1877
57	2
653	12
359	35
1615	1616
831	35
229	2275
949	2272
15	16
94	626
256	431
534	985
1668	57
165	30
75	274
12	2
30	250
1399	264
12	4
61	2051
51	18
463	29
51	17
51	11
51	10
51	13
126	668
572	1907
150	1800
150	1802
30	1885
153	57
218	2251
52	38
406	1866
52	35
52	32
52	30
153	58
108	762
2237	411
108	767
826	72
88	116
39	1392
220	1
20	232
30	1089
2	1905
78	2043
1750	733
121	712
661	2
1297	823
2017	630
2017	733
166	12
330	206
30	1269
30	1263
824	1988
61	1501
41	65
740	12
41	69
198	890
694	818
78	398
99	784
99	831
99	783
99	839
2167	12
1963	153
42	607
41	128
41	124
97	2019
52	594
777	150
81	75
81	72
852	229
855	83
1370	12
401	12
730	29
52	1559
1977	12
204	12
2229	78
291	35
193	1
52	1881
108	1221
130	247
58	99
128	501
349	1718
632	2
231	12
439	1434
1	349
1	346
52	1775
133	337
947	52
1643	1867
69	1094
98	20
132	38
338	52
98	29
2252	785
9	694
57	322
372	20
245	130
69	70
1704	762
268	88
1815	1816
2074	4
1310	49
1229	12
157	158
2034	16
515	516
1707	106
59	972
1360	1361
239	20
87	994
1035	522
11	185
447	1
1778	1091
75	1653
1920	65
284	4
131	12
36	119
1377	119
38	678
516	61
2	1955
2	1958
846	1
271	446
178	12
1629	52
116	108
60	637
41	1145
1592	58
694	96
328	329
622	114
694	99
150	2011
2303	539
59	359
927	522
2217	206
1794	2120
817	229
1588	741
1	2221
1256	694
256	30
13	834
49	477
756	757
2150	180
1627	20
1053	795
220	126
572	203
785	2246
52	831
52	835
264	244
52	837
249	150
1527	275
969	75
198	69
665	108
1398	980
2314	30
176	106
831	1512
520	12
12	1202
12	1208
263	712
141	1579
463	40
99	229
464	30
247	1335
1	78
1653	846
1	75
142	12
1	73
1	72
1379	1963
1421	20
604	29
605	831
697	150
1134	20
604	20
55	20
269	1417
203	1793
549	12
1084	434
694	174
1826	12
35	1
362	1530
93	120
30	1184
108	249
2250	29
99	313
1759	1
539	20
496	130
1312	2025
322	35
52	456
52	455
1091	35
1	1147
733	1510
660	694
78	1376
29	264
686	122
65	1699
202	99
725	91
30	1523
30	1522
855	1091
658	29
65	263
658	23
65	264
769	58
59	1428
338	492
59	1427
106	2
96	1671
29	11
1580	2260
181	59
468	2042
694	2146
269	12
72	324
65	1962
12	1838
20	1973
20	1970
522	1120
1410	12
97	1254
696	2280
1690	12
157	2220
103	1315
1116	52
1799	61
656	657
221	579
1744	59
65	698
1616	4
1889	61
674	12
712	194
1943	12
30	1454
120	1679
30	1325
9	733
1592	153
107	129
218	58
206	1312
126	78
387	388
576	176
157	366
2189	1771
150	768
785	235
134	135
150	762
532	30
20	1410
150	10
342	23
150	14
264	572
247	664
116	1266
524	525
980	4
105	106
12	30
2116	150
12	37
12	35
12	38
620	522
182	65
1035	198
173	264
831	11
61	204
30	89
30	86
30	85
30	84
30	2186
61	759
949	673
1841	52
2109	59
265	4
30	838
2285	661
198	1323
661	632
229	93
52	13
919	12
75	1845
2138	20
153	38
1312	179
20	256
126	30
2103	150
253	12
247	330
253	16
30	1063
247	2149
330	1038
1405	20
680	253
24	694
1002	1394
6	1
1112	841
1249	26
42	43
83	30
605	449
12	1544
1173	20
426	1206
30	1208
2204	41
41	493
30	1207
431	1084
577	30
41	42
1890	1
35	661
115	201
1927	150
2233	4
229	820
161	242
12	726
99	813
2084	124
69	836
122	1137
388	12
639	291
141	210
152	316
81	57
35	1909
464	694
120	604
1	1446
1	1445
99	108
69	1258
508	461
1040	119
99	106
154	155
1606	12
341	342
538	99
1874	1
12	661
1321	1
639	1750
133	354
231	30
1	639
175	1
269	126
704	108
572	122
788	12
81	150
691	1
1056	1057
642	12
126	842
1545	598
2058	59
850	35
208	12
572	935
397	170
929	12
350	65
12	891
422	130
256	1547
624	1
30	243
624	4
30	241
661	58
1376	355
363	12
1091	130
111	1
291	136
315	35
96	97
1708	61
23	24
821	120
61	431
119	774
1916	465
30	794
349	604
560	561
460	461
2006	38
923	83
600	276
291	61
457	4
156	1
1887	1888
116	477
97	2261
1075	52
59	330
202	199
641	20
1246	29
1104	1105
75	2122
407	12
1068	150
1479	41
733	2305
2	407
806	327
431	59
87	30
87	35
733	2309
2012	57
785	559
41	1162
652	2224
249	133
78	35
78	30
78	279
97	221
61	2150
12	2047
72	1330
2140	1
12	1220
1	54
1	51
1	53
1	52
99	2302
1	58
108	484
58	2150
108	489
108	488
545	12
279	853
799	12
97	593
279	858
842	59
229	1328
106	235
1148	12
1	1787
1658	561
141	686
188	20
1	1788
1455	555
1234	12
108	260
818	330
12	398
690	78
935	465
182	170
1427	1785
322	52
2092	1096
733	1024
1911	12
1863	99
65	247
550	551
1979	52
756	20
30	1548
538	712
487	143
38	75
44	291
29	38
572	713
386	20
128	2001
29	30
1	863
29	35
65	108
176	41
72	877
12	979
12	1817
97	1279
702	30
1116	72
108	12
807	534
108	14
331	1645
2230	16
30	471
323	58
30	472
712	900
30	479
694	51
590	1
1285	276
673	65
1	74
72	96
41	1425
72	99
922	12
592	1998
349	1050
812	1494
1770	99
58	2225
279	534
59	785
111	141
532	58
26	1371
572	1286
449	1
575	576
1	1110
367	52
709	710
915	256
150	127
493	494
658	1
1817	1818
831	72
12	19
12	10
12	13
12	16
12	17
367	20
653	52
12	1948
605	229
182	81
42	1925
824	931
850	1577
61	776
72	216
155	264
1449	1
774	126
1074	61
12	643
151	126
90	23
426	356
299	59
1159	198
52	75
69	635
605	227
52	78
1087	661
12	1244
1809	30
643	72
840	61
30	1046
30	1047
30	1044
20	278
30	1040
1381	22
316	2170
20	271
126	10
1996	130
1434	1058
203	276
16	10
330	1506
571	119
202	383
72	645
402	403
617	619
617	618
2007	4
1299	724
355	835
323	202
1118	590
153	116
20	2096
20	2098
646	1035
83	59
12	1561
1296	604
374	88
330	246
2196	538
619	620
832	12
740	54
2097	61
227	1564
1228	511
1116	694
41	161
41	166
2070	1360
1546	733
99	291
86	434
811	572
368	369
352	60
1509	96
150	1678
538	1716
387	827
81	30
2137	803
52	2306
69	2052
768	29
803	1384
2133	1716
69	1503
1091	1092
1649	12
1035	65
55	634
605	645
1983	1984
1591	1093
383	437
2	2173
651	652
659	150
98	61
250	243
98	69
620	20
39	40
733	1495
2150	411
249	61
1525	12
29	659
667	12
99	125
99	120
99	122
1319	4
2211	2212
99	128
1970	38
30	267
1426	59
759	327
1475	1476
661	1222
1317	30
786	26
360	12
291	114
2323	1809
2047	69
803	804
980	59
154	1978
160	161
1307	61
106	522
94	29
30	1386
130	394
1953	1362
960	12
2	1911
830	67
65	712
768	694
532	538
20	1725
516	20
150	350
767	768
49	617
30	2226
733	2144
543	733
78	621
756	538
264	1379
229	785
1205	20
696	1740
57	2138
593	52
824	69
1511	350
465	150
593	59
350	645
59	5
59	2
827	20
59	9
733	2323
546	1767
1045	2
133	18
1017	515
1207	78
611	694
7	8
931	65
2107	61
1030	12
107	20
522	373
1203	199
932	377
2317	52
12	2065
12	2066
1357	12
1641	126
331	52
93	694
1756	1
1	30
1	34
2096	59
161	1662
150	929
1738	661
150	927
150	920
106	216
522	30
898	20
279	834
229	1300
812	590
52	866
345	1198
572	35
20	736
218	694
282	283
2152	124
571	733
29	1387
1470	834
701	597
39	106
871	75
80	81
645	1029
1	1107
12	1604
38	57
865	58
658	65
865	54
38	59
1144	20
235	355
83	150
122	1075
2	267
539	744
35	923
1223	30
522	1160
176	69
1511	636
12	911
1539	1311
2002	12
120	1511
57	198
1116	96
52	1305
128	680
141	955
128	136
141	409
59	818
30	459
238	78
78	453
323	72
30	453
30	452
741	1569
2021	694
605	24
111	262
1452	1
217	942
1	847
20	24
45	96
9	776
1642	20
128	1267
58	2093
1753	970
1704	807
638	54
532	72
175	29
175	20
2077	534
70	52
75	943
61	577
87	541
4	349
321	2154
831	58
91	69
1415	1416
1298	116
327	12
617	968
65	1076
199	30
1352	41
581	12
336	116
52	58
1952	2253
52	54
264	2210
65	526
522	144
296	595
111	112
30	1021
30	1026
636	694
1379	2081
126	75
49	556
1238	468
1302	1
198	1322
1302	4
59	106
243	126
841	61
92	20
202	1294
530	531
961	12
35	1903
75	568
1693	256
21	1
30	1791
1427	1863
30	1971
2081	69
1551	1552
61	1837
389	12
227	586
1837	59
492	229
116	58
1918	108
198	832
78	330
431	52
388	286
1058	12
69	1949
206	575
206	572
81	12
1843	142
2114	630
1034	20
61	2
1717	12
119	397
75	388
1795	1
807	12
1526	1445
1526	1446
176	264
52	2325
849	850
541	59
929	983
299	1
1461	38
1828	59
538	1592
515	128
108	695
108	690
1900	355
141	2317
712	1133
126	203
99	724
538	1789
644	264
642	59
2210	129
59	1703
2208	78
464	774
733	1967
1057	30
982	57
362	1727
694	473
126	119
30	205
2118	75
32	126
1791	12
150	1360
52	686
2065	2025
119	229
153	1975
61	813
41	2083
400	20
572	692
291	170
590	12
1392	98
1695	330
12	511
20	1526
349	994
1552	12
1684	199
122	702
1682	350
198	1692
419	12
96	824
628	182
96	1158
182	1328
155	69
1450	12
69	1387
652	69
332	221
61	1227
912	1284
57	593
879	61
1982	630
1704	538
256	531
256	822
1402	59
256	2217
694	1748
59	661
264	1350
2053	143
1803	35
153	2110
41	1219
41	1213
397	78
935	4
1	2249
1661	161
1752	1501
105	30
2	443
133	30
393	1
321	952
1217	30
346	538
116	430
522	359
12	2003
35	1029
35	1023
1350	172
210	155
150	1962
426	1526
1808	119
1208	20
247	248
1	18
161	1641
1250	199
1	11
1	10
427	4
1	14
1	17
93	94
411	29
106	279
382	1613
425	411
2159	630
26	264
853	908
26	268
2010	733
982	150
570	38
1	1748
108	227
1	715
108	221
1052	1
108	998
1740	29
1749	694
23	1314
278	96
229	1587
229	1580
1277	661
611	35
75	29
1035	1
35	568
45	1738
339	20
865	72
847	12
202	35
97	628
38	32
38	30
1153	733
1586	16
97	1104
1471	38
38	39
150	816
905	906
1860	2137
12	247
12	244
1140	61
373	1250
570	733
1223	12
86	1
373	1704
1049	30
52	216
749	13
2248	131
1188	41
2115	57
464	349
1247	586
1121	229
30	439
30	431
238	12
820	12
785	1863
715	235
1269	12
191	20
1	532
20	48
20	42
1363	1
128	1240
907	411
23	197
87	214
572	487
87	218
29	174
59	877
29	170
29	171
4	366
52	1183
20	1087
154	94
572	1790
30	1012
661	568
1305	128
327	35
157	389
2	1072
1148	608
30	859
30	857
30	856
661	697
853	543
824	661
541	542
59	297
645	1541
1281	12
76	367
54	130
99	1107
522	2
411	2
2	1258
1234	229
1683	1100
116	603
1114	12
1312	116
2234	1045
500	61
673	119
30	2079
822	108
59	120
59	122
35	358
59	126
59	128
1911	254
596	597
59	65
785	388
75	546
576	12
1191	65
1862	191
58	774
58	775
30	1915
1837	30
61	2114
61	1857
151	10
692	396
806	116
425	12
503	20
126	58
229	1112
245	61
69	895
1142	38
198	2101
694	1820
617	1145
150	883
1968	694
150	889
416	417
1035	1008
52	483
1378	86
1483	1484
2	2286
880	782
1425	1426
2296	12
1863	660
120	2142
1639	69
22	59
126	229
154	205
12	741
122	847
1607	38
1	12
1190	1354
1482	29
1525	52
879	229
1823	1
621	1197
621	1194
608	126
831	887
30	228
30	225
30	227
11	96
1232	1233
366	733
291	153
194	246
30	339
733	1634
661	1918
65	1841
1494	1
565	388
217	12
980	12
97	1318
58	2091
232	492
733	1451
733	264
694	988
72	2081
256	145
1081	1082
229	406
150	2141
631	33
1063	126
1598	1
848	12
35	79
2325	30
114	65
289	269
1922	1145
83	1317
59	605
202	279
949	1972
126	1351
126	1352
108	1375
1716	249
105	16
1566	229
1682	96
214	255
762	694
769	1965
769	1969
133	53
678	12
789	630
575	256
219	220
982	153
1061	12
853	150
661	2202
94	247
729	465
32	96
833	362
124	130
476	658
52	153
12	2025
12	2024
2069	249
107	65
1477	12
1966	12
2278	99
88	35
69	245
1184	1
778	508
522	78
150	1860
863	982
713	36
330	1132
58	1252
236	126
1336	59
543	61
1589	658
58	1258
1030	59
715	1701
1879	1
1316	52
540	20
42	1396
1091	99
182	198
72	1930
30	1619
12	1394
715	1828
30	1612
30	1611
30	1610
1756	35
227	157
227	624
142	91
611	12
1531	61
943	26
1244	20
605	214
97	607
97	604
12	1648
1576	1737
69	932
677	678
718	465
1870	276
783	59
370	12
608	609
1847	1848
12	260
12	265
119	929
2	223
373	35
52	238
52	729
908	29
42	498
73	254
1038	65
1917	12
1038	69
52	726
112	1308
106	264
1091	1339
1508	69
170	775
69	1733
69	1735
330	2105
86	1377
712	447
264	62
86	1379
1153	38
20	60
20	65
285	286
20	69
1997	661
1443	146
621	1035
1528	131
620	78
1356	1402
1894	1898
1024	1
1308	733
1160	38
1356	1408
1113	651
388	484
57	229
59	1068
2168	2303
2309	615
87	271
783	1322
753	29
61	538
30	413
30	412
29	153
30	418
1393	349
282	480
1375	61
2244	229
312	86
404	69
320	12
1376	670
1858	1
339	153
198	1714
1801	572
327	52
321	246
465	26
813	176
377	106
30	1588
123	659
122	933
1178	58
1432	1303
1036	106
65	568
531	765
35	1632
72	1239
72	1230
210	694
58	1391
824	330
1957	2
372	1
30	2015
1510	203
59	148
59	149
2	768
769	2
774	182
2266	178
1120	229
778	779
29	576
1068	473
806	130
241	970
663	1
206	532
431	12
120	932
74	91
295	52
1142	16
245	83
1595	661
1404	1
97	456
260	59
716	12
150	867
712	942
930	96
174	116
2068	1052
198	299
216	124
275	59
572	1921
1829	2151
216	128
1448	249
256	65
59	206
20	349
150	1145
99	279
710	150
171	12
1132	1716
733	1430
733	1431
198	122
733	1386
234	23
1797	256
1722	29
321	126
131	1414
30	1422
30	1423
65	366
139	52
2191	99
1109	29
2172	130
421	611
69	690
221	1240
133	247
1617	96
52	1135
52	1131
274	1
161	970
49	1586
1450	130
1151	124
522	1022
99	988
153	534
2102	26
118	12
126	789
1575	1132
733	202
1767	20
1450	59
148	12
963	492
1029	314
1346	20
835	836
153	450
1522	96
14	20
1085	539
14	29
150	2161
245	198
1761	12
1683	61
279	435
30	602
35	56
489	490
1058	150
154	801
1671	25
1	2023
229	721
715	119
229	728
1247	1509
1308	694
350	249
1046	1225
126	1336
160	108
247	1880
1025	130
1931	12
1507	1061
243	12
110	20
150	515
229	124
124	276
59	11
179	56
59	13
321	182
179	58
647	539
75	136
165	1657
1029	30
532	150
532	153
562	465
69	227
99	1350
1262	244
349	797
1379	2109
150	1928
818	58
52	929
397	35
1519	670
618	87
2319	172
20	571
2256	153
108	157
108	156
108	154
997	63
20	579
330	384
2161	1
411	65
411	69
522	58
102	12
26	517
1210	2
176	150
430	29
746	9
69	1649
198	1912
383	35
1091	78
2207	12
141	1489
20	759
703	704
1648	23
1749	99
260	1
1228	29
330	1379
987	23
35	197
227	606
858	813
2	592
400	12
12	1663
161	508
909	2222
2044	1
61	81
12	465
865	35
69	2031
977	522
208	694
479	282
2038	20
695	637
58	216
1899	30
23	94
783	30
143	1
143	2
1	87
482	12
1207	624
1	1259
1	1704
52	1450
120	219
1	83
52	254
52	256
12	202
12	203
12	206
153	1897
61	1073
1550	229
128	157
202	72
362	486
1	88
1151	30
182	1995
1	712
238	1891
2	2078
2106	161
733	690
316	781
1814	264
678	252
1	576
9	799
1	572
1	571
20	86
1	149
30	382
108	152
2026	396
30	387
30	386
275	96
774	72
30	388
218	108
774	75
352	645
1211	61
1909	23
634	69
1845	35
2202	349
87	254
58	2118
30	167
58	2115
29	131
30	163
666	238
726	44
25	26
1729	12
709	1832
59	2005
846	59
1994	12
178	126
1092	38
116	2150
777	57
1400	29
150	216
12	1982
777	58
97	720
355	23
439	1
605	625
49	759
247	9
106	12
645	1505
247	4
65	543
2	604
643	644
785	1532
72	175
350	522
1800	1791
859	52
10	59
30	2036
30	2037
587	1630
173	131
1349	59
745	389
610	1609
35	1963
221	152
908	349
199	96
1670	96
1191	20
1585	20
249	831
60	61
1886	96
78	356
1987	630
38	2279
12	2180
12	2181
289	233
38	2276
475	57
696	61
330	712
82	276
75	2044
182	877
247	393
198	2147
895	48
13	1
31	20
52	1842
279	1067
279	1065
2033	20
91	621
431	41
598	1010
97	470
41	470
1221	49
20	2011
349	350
106	603
694	639
120	2037
694	630
1506	785
1	382
61	1663
88	221
751	752
126	260
99	218
154	99
694	72
1509	12
1457	1
203	1031
1068	20
604	661
54	55
1	1068
1413	1100
11	54
2091	178
1733	12
1187	229
874	122
1490	1533
58	660
99	323
21	12
59	1501
1644	12
2171	434
1751	1752
845	526
30	289
12	693
1379	358
1685	20
508	198
807	694
116	833
733	228
429	2087
2174	2175
2030	12
2060	59
30	590
684	621
1978	539
1280	199
52	116
1379	175
229	912
52	111
150	2104
157	2079
4	150
150	2108
1792	630
4	157
1620	41
1	148
1435	1436
30	620
279	410
30	622
1050	339
321	1670
1210	99
35	30
59	397
145	23
519	468
114	29
1517	316
1178	783
114	20
671	572
877	122
658	1308
1782	61
1076	534
99	1997
718	1
645	106
1621	12
150	537
1337	154
2	1376
133	94
572	1070
932	20
960	61
59	30
59	35
645	811
2042	130
532	170
1437	1
75	115
2037	20
774	2
150	1906
79	2
24	733
661	265
1101	82
466	96
800	38
1448	1855
670	321
621	2132
600	658
526	694
20	513
629	229
20	519
247	708
572	1465
116	235
330	362
1605	1
249	198
1215	12
630	12
203	359
261	29
29	2303
694	1107
383	12
1036	316
1056	12
30	1656
97	391
161	692
1427	1724
605	1235
1096	16
1898	1813
99	1745
99	1258
49	258
611	56
1944	275
1895	20
1299	241
12	1313
12	199
41	621
12	197
12	447
1091	12
955	329
69	977
1362	30
1894	2298
720	539
198	629
249	1510
783	12
2043	750
108	285
1	1274
877	57
52	279
1561	150
211	41
692	12
69	1113
52	271
69	1116
69	1441
877	58
99	2053
2177	126
2069	59
610	503
1	771
1	774
52	1385
52	1384
1250	1826
30	2215
97	647
99	96
1075	1029
421	422
1451	29
59	1313
72	318
694	572
2236	12
291	292
733	1881
2266	2267
108	823
1	598
1	595
1	594
1023	733
517	30
12	224
12	226
12	991
12	221
836	52
30	365
1051	61
12	229
218	120
119	659
1536	1668
1312	96
546	547
169	29
101	102
936	30
431	229
38	126
4	1135
4	1136
12	1177
170	1261
323	325
1709	72
1609	30
1029	539
1568	12
1442	1
161	1515
30	107
93	1
1151	57
178	108
61	795
465	65
846	72
1325	12
687	688
543	176
20	1356
150	235
406	2
126	1103
109	96
494	30
639	49
126	1450
494	38
548	4
106	30
106	35
645	256
72	150
72	153
952	182
258	48
122	659
1969	630
594	121
1520	61
727	49
73	12
2146	199
713	694
2	726
694	1595
59	182
59	180
106	2092
667	1230
264	1638
1410	806
1149	20
58	1684
795	30
678	836
2	1410
486	222
985	1771
74	52
35	1767
12	2166
486	229
10	71
834	397
200	41
161	1769
198	2160
2198	532
198	2164
96	696
360	1686
64	20
174	661
212	29
150	820
75	654
35	876
157	2205
572	1870
783	1975
1813	206
645	58
21	623
290	12
998	411
1457	733
468	128
1953	1
279	1792
161	1490
20	654
52	324
122	2
20	658
122	4
655	91
436	30
203	1547
1251	58
26	725
171	59
249	761
116	864
1910	69
1579	1580
1087	12
65	323
139	12
1769	1770
783	198
783	197
29	321
12	1149
271	1146
30	1468
2	2044
1679	661
1109	65
106	881
30	1464
30	1466
30	1467
99	2190
274	26
898	52
4	75
621	29
274	29
1543	359
40	41
34	924
1100	694
97	1404
116	855
1301	316
72	935
2100	126
233	234
120	1474
198	164
1925	87
1091	1744
198	161
122	78
400	126
128	299
460	12
122	72
889	1
148	58
1250	59
249	1859
539	150
78	532
548	1746
1199	4
2195	327
1529	162
356	1
1093	1045
2135	59
1408	1
1067	2233
1976	150
128	2163
2273	598
1526	770
30	646
712	216
97	929
1864	4
1387	1388
247	1849
2095	20
223	59
2269	52
304	305
647	713
1014	465
1157	91
522	1936
2040	1962
1067	12
126	915
131	35
26	256
468	20
1376	35
829	12
1313	61
2161	12
646	894
75	1498
59	52
696	1814
30	913
30	911
30	916
57	776
276	1968
345	126
180	161
24	249
216	10
216	12
235	9
1532	1810
1450	733
243	52
1716	229
1960	98
800	12
20	538
20	828
1138	38
30	2177
985	10
336	389
30	2170
382	359
279	58
330	694
820	532
57	4
318	319
57	1
630	35
816	20
1490	1491
1695	1
339	340
228	29
522	938
1733	4
35	1539
30	491
537	4
215	572
537	1
215	575
636	75
831	141
12	1447
12	1445
131	256
1860	1763
249	977
1	263
2227	1
108	114
920	718
324	706
1329	59
1760	1526
2236	733
330	2187
222	223
716	733
2170	2025
52	1410
254	120
1403	75
254	1258
161	326
841	126
122	2265
456	59
1341	59
229	1236
241	130
198	2204
96	1721
508	20
762	1039
1	756
1	753
1	751
508	29
1526	1761
12	426
12	427
2004	23
97	115
847	96
130	1208
97	110
588	12
616	617
839	13
1416	96
291	279
937	846
1215	909
30	345
108	802
350	69
30	341
989	9
1395	229
1446	1461
119	630
150	1713
881	465
1909	69
1159	522
1518	96
229	2266
2073	1
579	449
30	121
161	812
279	645
1924	75
29	465
54	522
319	909
249	83
1093	733
846	12
220	12
1739	78
909	153
349	1455
33	1
130	293
1259	35
568	12
12	1947
2	395
72	215
112	30
58	41
558	559
58	42
20	1375
936	59
1704	350
1379	1228
122	229
728	30
573	42
77	12
59	217
2218	290
170	996
2255	1
2151	12
2215	206
2178	69
532	2
518	20
199	275
58	2
58	4
161	1858
44	12
9	992
473	86
52	934
60	130
1690	1
580	52
87	72
114	176
87	73
1965	630
217	276
12	2144
1962	4
1003	1004
1445	733
74	38
1932	150
12	749
714	12
10	99
10	96
1275	20
2183	12
1503	1504
161	1704
964	30
470	87
219	10
12	742
12	1712
150	807
1099	12
256	1175
355	1086
286	12
483	49
2025	61
20	2056
26	126
150	1878
249	568
661	120
439	694
216	141
130	131
1583	153
108	639
135	733
529	530
12	1786
20	678
108	322
1225	20
108	327
30	1198
853	900
30	1191
1810	20
30	1196
358	57
724	621
203	29
1252	1
11	12
276	20
59	61
12	1999
276	29
30	1440
30	1332
30	1333
150	1386
30	1338
359	383
1696	69
1897	249
733	150
35	715
35	716
1684	2
1878	20
35	849
572	630
40	20
492	20
667	59
654	389
52	486
52	332
1623	20
130	2
1087	1
945	1157
1010	124
29	733
246	29
23	30
88	106
119	172
119	170
405	12
1460	1446
150	1526
119	178
1	678
804	108
52	150
229	957
1614	12
694	181
505	506
1547	182
1	256
1	254
650	150
1503	150
2003	355
2113	1509
2	1157
198	41
70	1
59	1107
136	994
247	1827
247	1794
16	69
243	249
646	526
16	65
4	266
20	1140
20	1631
20	1145
150	571
1061	1508
126	936
954	30
468	47
661	1337
59	72
59	78
145	61
30	666
1179	124
30	668
1029	57
661	1264
32	12
246	154
350	713
206	96
1024	1712
998	999
1059	65
1110	20
129	130
88	1806
430	20
216	30
65	643
658	256
65	648
411	835
613	229
522	621
330	323
1649	1976
551	1116
522	1603
2171	20
24	199
630	59
559	119
262	263
1092	30
492	1
153	834
1951	1526
1601	1602
734	735
1977	29
30	1833
1096	52
1068	571
611	99
224	65
20	806
20	800
52	2264
130	30
229	1034
716	717
1326	716
926	150
229	1782
1013	5
2064	1811
221	222
330	215
1074	99
858	783
712	826
97	359
1382	1383
1403	57
244	199
97	355
2069	126
1610	434
1	94
229	1250
1541	52
692	57
52	1695
2263	52
116	265
119	69
108	793
99	55
99	54
99	52
12	408
12	157
12	1041
12	153
12	150
694	532
2111	128
409	4
696	697
409	1
712	99
324	325
359	645
526	78
1	1946
1	526
4	1316
1	1941
20	115
30	327
150	630
108	862
108	860
836	1557
539	785
1068	330
150	1733
154	760
119	617
1258	1
4	1172
2055	229
26	1390
909	2055
736	29
297	267
30	492
279	660
30	496
30	495
279	665
1186	522
398	1
1258	12
1258	14
276	1517
574	126
1177	24
300	301
122	425
909	130
636	20
630	388
57	29
733	10
654	595
12	1965
1210	1211
463	2288
58	61
58	69
2046	99
1042	4
256	670
1467	12
65	4
72	119
2	667
72	116
1687	397
4	388
936	105
48	12
659	65
659	61
1962	29
1111	1276
1525	99
1	2328
61	175
229	150
52	959
661	82
661	83
41	1081
12	2264
336	12
346	279
126	1140
345	69
511	157
30	28
1752	1
150	633
431	99
766	1
431	96
2	1455
75	611
377	986
986	12
1921	119
74	12
269	1083
30	400
1630	99
1673	1674
24	61
2122	126
35	1278
942	30
327	116
774	637
774	639
470	61
122	2022
622	21
437	38
548	82
723	20
1547	20
217	218
199	1204
1136	228
1132	1576
121	12
2011	1379
20	618
355	1869
709	1337
603	150
436	75
1150	41
35	480
544	1
2075	2076
358	30
97	1989
672	12
150	1061
283	78
349	151
349	157
277	267
733	170
770	1887
1107	129
198	216
639	126
198	212
78	910
12	361
12	362
65	1312
87	4
12	368
397	1
1259	263
52	310
128	256
122	30
122	1644
122	35
338	919
1512	30
1517	355
150	1649
194	2095
128	789
52	1200
119	150
1306	345
119	155
1063	96
99	639
52	179
434	1
2145	321
434	4
1681	729
2318	99
106	170
621	264
1791	1040
927	65
349	984
1	279
1161	29
1258	1812
2066	59
57	165
83	945
128	1478
223	12
468	1180
2187	1
2132	2041
42	2006
161	1269
694	254
98	65
1250	12
2179	12
630	733
447	269
1410	157
256	1636
2	55
1964	12
2	50
431	432
39	1920
41	1232
59	99
291	750
1812	1813
1974	1975
155	694
38	431
1093	2124
30	689
30	687
1955	1956
29	202
687	700
978	65
350	229
12	2196
928	362
198	694
349	718
30	566
591	79
243	96
105	12
52	1098
330	907
1041	1649
227	9
532	220
2	1687
2	1680
2044	20
532	229
1183	598
925	715
1959	1960
116	256
330	652
65	72
35	1957
870	661
624	59
198	1420
49	108
1	1697
1536	316
645	1751
330	1663
249	1107
145	146
1230	63
2169	316
357	12
229	26
431	1
247	1860
1749	12
742	41
1880	1308
1273	2188
133	52
2	518
770	129
264	855
264	853
232	78
800	59
477	1
1362	52
255	61
161	76
1544	354
778	47
1120	30
120	297
184	11
1170	31
30	1815
1308	10
12	1373
12	1376
2083	124
694	733
715	2
330	1883
868	869
1829	1029
97	156
99	1208
65	1140
99	75
86	12
106	107
58	291
712	1780
12	170
12	172
12	174
12	176
526	59
350	20
2	289
1117	20
1301	1302
1497	801
30	309
4	59
30	1565
12	287
12	1592
538	126
373	1297
12	1598
382	1953
1360	2174
52	783
23	150
23	155
4	1196
349	10
210	20
645	2126
153	256
232	591
844	30
2279	29
2027	206
153	1106
532	61
1198	12
748	108
1375	2
1702	229
733	526
72	256
182	1260
572	464
1897	78
955	41
568	59
2241	2242
1116	35
1419	20
1424	41
1356	1357
215	217
2007	998
1232	59
2076	2025
59	256
1671	199
59	254
153	645
2108	29
774	1695
1145	785
150	430
264	30
111	35
60	712
522	780
2009	61
1261	694
368	52
150	383
435	436
229	178
1553	673
28	12
1312	1320
564	12
120	1292
41	1754
775	12
846	572
106	119
712	1799
12	415
87	430
970	119
349	2196
958	954
2112	12
350	694
1097	69
150	651
696	2032
1004	2
696	2030
61	155
161	1890
61	150
321	661
440	30
1331	30
65	120
115	114
1073	929
1440	345
901	61
126	150
645	35
126	154
602	389
1903	1234
198	1934
249	217
115	1109
686	687
536	1
115	1100
382	783
88	30
415	25
744	157
249	803
20	630
20	631
1108	2
1677	61
1572	1573
12	1297
1506	30
598	12
1238	269
1002	108
87	88
1359	980
970	52
1490	1642
30	1486
30	1487
276	69
65	834
161	447
161	116
125	57
161	440
199	832
473	355
733	116
1881	229
30	1372
30	1374
355	1
41	213
346	1356
639	16
918	5
52	370
12	349
257	786
12	346
12	341
669	20
128	231
2143	161
733	1364
1414	522
269	270
23	72
1	473
150	1566
23	2
150	1562
52	197
69	1363
119	426
484	52
996	106
484	59
35	803
1258	1526
65	1887
103	604
572	672
2272	20
47	29
1689	1690
52	175
20	1987
47	20
1273	116
203	1718
247	1758
694	279
431	29
1396	853
16	223
170	1307
2165	12
87	336
23	120
507	508
119	406
30	515
29	291
1158	694
566	290
1859	1
1145	330
1888	108
33	12
1521	16
20	1675
45	42
801	1
29	88
555	1482
2181	161
29	87
2220	733
2017	75
1694	1448
38	141
69	2179
150	1986
150	1981
221	1356
393	129
206	58
12	2314
1664	147
2	1964
1303	1433
35	116
597	38
2031	12
2	1808
1549	57
26	1435
645	235
990	61
59	291
49	120
443	4
1221	661
49	129
630	99
1956	4
350	1759
30	31
707	661
722	57
1655	30
866	108
78	150
1166	1167
75	2168
375	18
264	1228
52	83
52	81
260	119
1	630
186	98
349	2038
769	122
733	2274
35	588
2	533
349	2030
249	1224
935	406
1265	72
692	150
1628	431
229	349
820	1
20	774
116	139
914	12
20	847
255	256
26	868
195	35
797	1
96	1260
61	2020
1526	1527
58	1114
1771	30
161	2018
2259	30
69	1878
99	13
99	14
99	17
119	26
186	1087
1926	1713
12	111
556	170
12	115
1771	1483
12	119
202	1900
4	1359
1063	1064
4	1356
4	30
4	32
4	33
1023	229
147	12
870	72
164	165
1093	12
1593	12
30	1749
20	150
20	153
20	155
1311	30
522	1205
330	2234
777	1091
1604	150
330	2239
323	1384
1989	1990
538	1038
143	30
30	183
29	198
1289	14
30	186
30	188
355	99
733	637
1452	112
97	1030
153	1120
185	61
759	1884
182	1539
572	446
122	174
1663	38
57	69
1330	694
12	1923
733	72
58	23
229	1922
58	29
349	1258
1371	888
1312	12
1849	411
59	279
30	723
1571	1572
534	1604
263	99
1135	29
1366	119
1713	12
622	1483
659	23
264	12
1294	835
801	29
531	1615
271	433
128	1334
20	1245
1472	1056
538	59
1178	1995
774	2297
394	4
775	30
1467	52
345	29
49	800
1720	2211
289	290
4	968
1962	645
51	1448
245	1
372	117
431	661
199	58
61	600
114	733
1884	1035
49	30
157	275
24	29
72	49
2160	1
723	65
116	198
179	2201
126	173
122	821
694	61
733	1248
1350	119
30	1173
30	1170
152	10
152	12
247	229
797	30
302	2184
1772	1765
1131	123
330	116
52	232
202	1459
256	45
221	431
2	493
2	492
2	949
2	221
280	12
30	1355
1991	1992
55	59
359	321
1459	1
838	29
198	12
1564	733
639	38
1866	1831
1068	254
1700	1311
155	2013
1455	1456
1105	12
2280	23
1513	38
61	349
2261	29
785	526
531	944
59	96
52	358
764	12
12	321
154	331
54	14
359	143
52	423
54	10
73	532
802	152
1716	150
72	319
2028	119
122	1379
23	57
128	210
537	20
2144	1
1269	1270
1	181
1328	161
733	797
255	809
83	181
279	308
576	52
1	980
576	51
1	235
1	238
678	680
168	30
12	633
637	271
345	1
12	1511
12	639
1718	2045
1596	52
2057	2058
57	122
250	516
733	867
1522	538
170	74
1503	81
276	739
694	291
1114	99
354	360
346	9
30	531
2238	61
150	1546
150	1543
150	1542
1815	1962
148	2047
126	993
857	231
45	29
23	431
150	400
23	349
953	954
38	161
355	2229
522	2264
35	96
35	93
620	1
128	1432
206	35
795	621
803	156
444	256
52	1122
406	689
122	346
1565	522
2	1392
2	162
35	175
35	177
1062	161
182	783
700	59
4	205
1433	598
2162	12
30	14
13	182
94	694
861	20
30	19
1339	12
122	124
624	12
35	218
205	78
35	215
78	179
1030	330
1282	749
172	2183
202	229
561	12
221	611
128	1295
389	59
128	1293
152	1
32	78
1649	2089
1115	1121
5	716
229	69
249	392
229	60
726	1229
2	551
29	254
447	830
217	1151
249	1209
108	1472
2	1539
12	87
345	12
12	83
69	1804
244	72
130	52
12	88
65	30
65	35
2	1688
26	622
26	626
35	1310
1089	20
120	783
165	41
65	2238
65	2237
1397	1388
1012	20
1766	249
255	588
65	928
91	108
161	636
1258	694
1334	1
29	1909
2048	2049
2193	1
2	1683
126	694
1	161
198	2284
1287	570
356	52
116	81
949	950
86	52
86	59
99	35
99	30
12	72
247	51
126	349
279	907
31	116
26	330
2283	61
509	510
26	338
1861	59
376	377
733	1285
120	121
170	572
1	1387
526	12
526	16
206	858
108	882
58	785
990	49
41	393
58	783
30	1720
58	789
1290	465
1004	12
923	124
297	979
12	791
97	1011
122	759
605	101
59	1840
2289	511
1894	1895
1766	59
834	12
179	198
57	41
72	291
651	955
1535	161
150	274
813	199
715	2252
1312	645
1829	2088
568	91
12	865
150	2026
126	2131
578	4
909	661
420	61
1278	30
226	30
793	126
30	707
693	30
1157	532
1343	9
1202	199
2199	12
1178	1179
293	1
850	49
62	130
847	848
2	1705
1483	61
264	661
834	436
219	463
661	24
12	2282
1311	658
526	130
909	1210
1231	30
2085	30
126	223
682	199
1326	1327
1781	1091
1993	1994
592	927
759	157
759	154
431	130
48	259
276	277
198	2
851	807
26	27
78	2
204	902
61	198
1197	12
94	96
426	427
774	694
1327	229
1191	229
116	175
779	12
20	787
477	23
65	419
697	4
1626	520
30	1113
30	1115
12	1259
72	1832
12	1257
352	23
1131	411
761	59
116	718
2130	57
330	426
1062	439
256	69
87	49
937	667
1240	12
1667	1536
970	12
1073	526
115	627
2067	733
72	572
954	120
52	868
1625	12
1992	1
1032	229
58	338
106	822
198	32
1457	38
1075	346
35	795
449	4
97	296
1911	161
206	198
1765	20
2050	61
170	362
97	299
1259	202
61	65
1380	20
61	62
982	980
229	1551
61	69
128	765
583	12
2019	12
52	1263
283	12
161	154
1873	1874
831	330
605	354
738	12
65	1513
150	994
862	836
881	108
59	1983
694	108
254	255
254	256
174	206
56	57
108	941
539	465
1863	733
1345	1346
170	1699
682	29
99	473
12	655
920	1854
373	1862
106	1916
626	115
2257	327
350	1
350	4
120	14
321	244
170	58
247	1719
1730	229
624	522
2065	355
30	559
972	2121
666	667
286	229
157	590
61	855
1652	94
1276	41
597	4
38	108
65	172
65	170
1113	229
1204	120
57	106
1863	61
733	841
1647	12
116	1377
126	1023
1688	61
630	130
122	321
637	150
962	41
1649	783
2	36
96	1829
256	150
61	271
61	1911
2024	355
1634	2
1294	150
202	203
276	1
72	746
900	38
205	12
1438	141
229	659
20	1135
979	980
1553	12
495	496
2041	20
130	1427
1016	637
632	161
67	38
153	61
20	1586
863	20
557	91
2	576
12	69
247	2067
12	65
12	61
12	63
330	639
1335	1363
330	637
4	1894
1384	35
153	2289
411	161
263	61
522	262
837	416
35	1379
84	20
75	221
75	590
572	1938
572	1682
572	1931
66	1765
661	662
229	42
69	687
532	23
1339	349
247	1085
330	96
88	126
373	2159
38	2
198	593
1136	345
279	922
362	464
508	83
2	2090
5	338
620	103
426	678
853	840
48	96
2288	128
179	2017
58	1837
1538	94
1	1419
69	2029
170	557
170	553
645	685
65	956
1202	58
183	90
12	1068
20	193
30	1258
153	1708
1260	185
97	1243
1999	2000
35	632
1662	1642
41	30
65	1253
1483	99
35	1010
355	59
572	153
356	460
138	139
41	114
352	12
1286	38
59	1862
1369	1213
46	760
712	12
733	30
733	35
12	841
731	732
2020	57
150	1665
172	126
1312	661
69	1228
1032	785
1582	229
52	676
52	675
52	674
52	671
52	670
97	154
1127	153
490	229
179	245
858	2061
2090	20
30	762
2271	2
59	1246
956	330
521	327
68	61
1984	813
694	313
2150	153
909	429
346	141
20	1766
429	1185
1907	52
2045	12
265	30
20	1202
362	256
449	65
1338	61
781	1035
35	743
4	621
264	647
264	645
11	733
2228	330
1340	59
61	468
532	1312
414	12
1653	516
472	544
2310	20
1690	182
2071	206
1757	411
968	1161
12	354
705	57
276	297
65	781
9	938
75	1330
1220	299
49	75
534	59
1242	96
41	1119
1592	29
463	359
330	1742
927	572
1326	4
93	279
35	1145
12	1275
30	1134
995	336
88	818
317	1
2	901
954	141
1818	2
87	61
87	67
855	108
75	694
1764	63
496	383
58	864
1351	41
106	511
55	12
778	1865
485	65
2196	355
78	229
216	694
1691	61
973	35
1344	1091
199	1287
152	59
52	2016
263	748
1347	1348
2313	282
61	86
424	12
1838	29
1288	41
119	1378
75	120
23	91
1	81
979	733
1115	17
604	12
292	129
93	24
1107	30
65	1060
678	1033
1489	12
362	879
359	360
1070	23
359	362
783	153
783	150
240	130
221	1605
694	122
986	465
696	776
694	129
1	1882
247	1693
1	464
1379	1837
56	30
349	669
492	1068
103	668
373	745
988	1
1021	20
712	1534
12	679
52	465
12	673
12	677
1123	1124
2260	316
338	339
229	617
645	1051
247	1049
194	195
4	1617
158	159
30	578
30	579
1811	161
228	1
57	694
271	1099
12	2308
349	1002
133	134
1892	30
1780	777
198	1836
29	69
2277	52
29	61
2	299
1373	62
52	284
38	128
1163	29
215	198
38	120
12	1861
469	377
2082	539
2265	229
87	537
87	532
131	16
1605	12
78	429
78	426
263	120
759	2300
700	12
2254	2
1226	155
774	1756
340	12
2017	128
1577	41
1505	1
61	254
647	465
1891	12
325	30
202	264
97	31
957	142
59	774
1790	2033
75	2101
75	2100
75	2102
909	364
244	1659
1407	598
516	4
1148	522
2138	12
114	522
67	12
150	156
69	1843
1981	1688
150	151
150	152
1473	229
12	49
1384	12
12	41
2	1553
359	20
279	96
621	967
633	19
35	1350
815	816
633	10
1923	72
61	2046
389	4
1111	12
1077	12
503	119
683	684
153	1108
2123	122
47	1
1920	35
661	603
52	20
52	23
396	12
199	1676
12	26
2061	61
1167	12
61	2307
20	203
69	376
69	373
229	1766
127	1030
256	841
124	23
26	373
124	29
26	374
97	484
97	486
1155	346
1756	126
685	99
638	1363
30	1273
12	1049
12	1517
605	494
65	937
97	1763
1271	96
1404	59
356	12
831	532
2011	52
1703	69
1498	359
641	1830
161	235
35	2198
1122	130
1379	218
35	2191
229	1188
1920	130
58	477
229	870
2205	2206
368	339
61	1652
17	799
61	1654
1034	52
712	30
198	714
362	1156
180	4
30	299
2	359
12	532
99	150
99	153
69	1201
733	13
130	256
2	355
30	296
58	81
52	618
264	216
180	99
1391	29
680	152
1	353
1	352
621	1766
1	354
1	605
1137	61
1	359
1995	119
52	1764
69	1061
349	929
244	106
98	12
864	12
1364	1365
349	1498
39	12
1235	1191
1663	57
35	1822
343	344
4	186
1724	61
4	630
69	60
1928	29
775	99
1877	1
775	94
621	778
477	108
30	1766
157	121
11	712
515	836
157	129
279	712
1220	503
150	1140
911	846
2131	91
1586	694
4	458
162	35
41	1289
1643	354
321	1778
190	23
822	12
94	59
42	1879
2065	670
178	20
256	35
52	539
116	135
247	170
699	229
453	367
1071	1030
30	2293
694	81
694	87
912	2097
110	1
598	96
58	119
76	77
222	694
35	426
35	425
1119	162
350	1107
670	661
257	107
52	820
115	192
456	323
198	72
58	804
296	317
769	330
176	170
762	12
141	1015
12	1210
1448	12
1299	4
12	1218
232	2184
2079	733
75	98
1317	141
904	108
1	69
1	63
384	150
1107	15
106	572
639	88
269	1424
2049	29
413	414
1	291
88	661
1	297
1	294
276	923
1791	26
1409	30
349	479
713	716
35	2291
106	798
1165	345
30	692
52	442
733	1500
229	105
235	190
1562	1563
384	12
321	1592
65	362
2226	210
38	785
120	55
464	465
256	1694
30	1517
150	1258
65	215
715	936
1429	124
238	239
150	1252
1540	1
83	694
2324	4
1	831
2262	9
1324	198
72	334
182	1127
1140	12
1599	52
35	990
522	1113
42	132
35	303
522	1119
108	29
215	170
1466	29
696	2271
1466	20
189	275
216	61
594	598
59	575
35	198
546	1480
2	1886
321	1181
2	1885
221	546
2	1889
316	468
108	1003
379	380
120	1681
199	683
668	354
441	29
1145	12
865	2
535	29
1881	1448
909	1250
128	1237
664	249
202	244
1659	61
1819	1733
526	170
981	72
346	330
126	1060
271	153
760	572
12	23
12	25
150	178
1012	279
689	572
1311	1
161	784
288	289
994	661
65	94
87	774
35	1709
256	445
276	316
367	12
30	2194
661	597
279	1475
949	604
364	30
2270	256
832	1
774	179
1213	1214
126	678
126	679
99	1226
4	1803
319	2
1842	69
319	4
2041	61
396	30
254	891
121	1
94	1903
1	116
679	38
396	249
554	555
1787	29
766	130
2118	12
1700	29
531	733
1492	373
0	1
391	31
835	1827
12	1532
65	911
1452	260
323	279
12	1020
30	1215
41	72
2081	99
41	75
39	545
2086	78
965	929
2286	12
356	30
1388	61
12	739
161	253
161	252
161	250
12	733
229	859
52	589
203	635
69	825
52	581
41	150
41	155
30	2123
338	1
352	52
152	874
712	58
616	20
155	1178
1	1450
198	777
373	1497
52	637
373	1493
12	550
12	884
12	885
96	1193
161	1449
848	108
2242	29
1912	41
1646	41
497	451
1	330
1	621
1284	12
1040	694
271	2004
59	1209
59	1759
2190	116
1636	263
669	733
1522	431
867	12
1695	694
14	572
1100	198
142	249
1713	1927
929	65
12	737
52	351
372	12
20	1718
1723	847
94	229
136	44
747	12
291	126
161	1030
161	1035
1258	2290
715	1943
108	245
161	1649
87	184
896	795
198	1427
980	61
1674	59
96	1107
26	41
114	229
705	12
1342	61
61	685
175	130
542	12
2	1760
241	61
1414	78
1388	1439
116	117
1217	61
645	358
59	843
1766	1
122	536
122	538
65	477
59	321
1009	108
774	362
162	12
647	1
934	30
733	1263
430	4
430	1
189	1116
1735	20
670	645
645	39
87	20
72	593
1448	29
775	1250
58	1796
35	58
249	149
2056	2130
221	366
78	264
43	44
205	1
676	12
97	236
787	788
2138	1
1145	1
206	348
669	86
545	20
1	48
1	49
1	106
2155	373
2209	630
88	972
640	96
1819	762
2148	2236
58	821
971	19
760	52
229	1356
99	173
170	1676
1241	20
108	920
108	927
789	807
108	929
30	1685
30	1683
12	1499
539	30
221	1421
416	694
718	30
1129	41
1353	161
1143	1144
912	279
29	279
1576	215
202	83
202	81
65	279
38	69
30	1537
271	41
458	30
57	659
980	1142
572	255
539	954
29	26
29	25
1	817
29	23
12	940
706	150
65	115
65	116
2117	1
20	1969
384	30
2	1023
1853	920
30	466
83	1154
30	462
30	463
30	460
630	620
447	448
30	468
1018	121
2017	161
323	457
170	853
104	105
72	83
12	1290
61	1376
1140	1
58	198
1792	161
191	59
55	431
12	1294
792	793
2305	229
12	2320
1763	12
20	1381
229	630
1315	1312
426	831
1971	1
664	78
87	576
65	2107
103	764
154	2231
532	330
20	1037
1035	182
182	75
72	1151
653	20
256	468
1068	1107
30	92
87	795
131	126
711	1
30	97
165	694
902	12
1854	161
1069	279
2203	349
30	805
774	116
1905	59
249	313
52	60
52	63
52	65
72	322
52	69
52	68
1363	561
69	152
197	1273
67	52
202	1153
627	96
236	237
896	99
182	2253
396	59
512	20
425	49
582	61
1867	1868
396	263
30	1053
1391	330
1533	26
1249	12
473	172
247	2133
1896	539
633	55
12	1550
411	1045
12	1006
12	1555
141	1220
123	124
12	1008
30	1949
2124	57
867	774
601	65
58	702
653	2103
431	1093
216	275
35	659
919	1
88	411
2123	12
12	718
1054	1055
840	464
99	774
2164	61
245	12
179	119
141	205
291	818
817	65
99	119
734	1116
2295	2296
69	1247
1066	12
2297	61
691	57
231	29
96	1872
1	313
1	646
161	1463
1487	1488
1332	23
1040	817
864	57
124	116
57	1389
249	52
29	398
30	258
12	572
29	642
976	4
29	645
150	1605
126	584
2290	609
1856	61
192	12
291	106
1304	52
400	59
161	905
157	169
161	901
30	788
1266	61
247	61
279	206
2	1894
358	1
128	1384
187	182
944	29
705	30
128	2269
49	99
522	832
1712	57
1172	526
1950	12
909	29
589	30
968	690
1260	1261
1436	87
1919	12
155	661
273	274
632	42
1650	604
254	30
776	30
9	52
4	1259
99	430
150	1641
229	792
1233	30
929	1
1292	31
850	108
1246	180
464	99
1995	72
146	30
120	1347
130	99
1	5
605	1684
1	7
1594	126
1631	12
1	2
12	291
1515	330
1970	1993
249	122
249	126
108	400
2051	1308
572	30
12	2059
1680	20
1745	1897
2223	1759
1033	21
433	434
210	106
1	22
1	23
522	1
1	28
621	137
1	129
1	120
1134	59
1	122
951	952
1	126
708	2
279	849
595	685
20	580
20	587
203	1743
1862	630
760	30
106	203
1060	539
106	206
1	1824
1184	20
1793	130
120	269
20	724
69	1911
539	12
617	2
150	1035
128	2248
150	1037
1872	12
150	1032
12	381
12	385
179	1321
895	896
1806	72
744	559
614	615
46	47
99	1451
759	321
658	12
65	258
29	256
1081	630
150	1296
30	1558
59	1902
30	1553
2200	1483
30	1556
344	4
1	878
572	276
4	5
1263	291
4	2
1140	59
2	273
12	962
105	522
532	35
1038	30
1088	150
30	191
235	155
715	203
30	444
921	116
177	30
30	449
813	38
568	131
670	2012
316	426
454	12
272	29
126	2070
20	32
20	30
1902	1
133	620
20	39
339	1051
2232	12
264	522
476	30
668	86
1365	38
836	362
1190	1
1200	404
1068	30
2175	61
237	23
1790	1682
342	12
116	1217
657	29
1504	29
75	970
661	1230
834	1471
2030	785
87	557
831	61
154	48
365	4
1962	126
356	431
91	75
831	69
20	1054
974	975
2206	349
182	98
572	1741
1	218
609	59
321	215
30	860
2281	12
30	867
696	1962
199	23
581	29
100	101
936	931
803	572
126	630
69	608
397	1031
970	694
52	49
1766	4
69	604
453	229
1124	12
65	531
215	56
1444	124
948	12
65	538
602	20
30	1034
20	915
1949	126
253	29
126	61
1058	26
126	65
630	2294
1037	327
87	1593
87	1595
481	482
330	1067
124	88
202	1281
203	204
847	126
694	1501
35	1910
1813	1899
1042	61
1446	534
938	1401
58	722
30	1966
97	1702
30	1784
106	637
831	215
83	61
122	1258
1952	30
61	1809
116	61
12	1081
87	1132
430	1716
116	69
1086	531
225	1
377	96
170	260
1293	1294
1139	30
2201	1
434	108
607	608
1	1369
120	188
2	320
260	29
314	315
86	2017
176	279
1337	30
230	231
604	1897
1441	1442
694	645
2224	35
126	2199
1559	271
103	104
1410	630
39	1258
12	773
12	774
831	2106
605	659
642	61
659	1040
249	75
4	1753
1972	20
1980	229
30	276
426	2017
630	831
867	52
1257	61
354	247
1	392
69	1514
150	1377
150	1375
929	26
35	853
477	161
146	147
154	251
661	1253
207	150
161	1071
853	2
1801	206
161	1079
10	1307
1649	1
1649	2
388	1391
688	20
17	59
980	29
119	785
20	1538
385	30
1386	1711
349	1301
1712	150
645	171
1514	1515
461	130
215	850
516	12
65	705
1463	1535
4	128
4	659
291	30
4	653
4	120
14	59
4	221
30	2238
122	570
776	12
20	2241
97	2232
1	2057
2157	29
1986	1060
126	253
1560	12
153	1
153	4
41	1991
593	29
133	20
1496	12
1294	216
2170	2285
1061	1062
296	114
1308	150
417	229
846	111
1388	229
2216	99
511	512
18	12
1172	61
2154	694
532	108
572	2216
210	122
2239	1745
605	1405
1015	1016
69	299
331	65
933	12
416	35
119	2
532	1723
2094	178
411	30
760	12
799	49
1148	20
55	96
411	39
659	38
260	694
26	279
120	245
120	246
180	1795
36	31
769	936
20	700
690	20
735	20
108	211
1178	2227
741	106
108	216
418	419
612	613
99	196
198	1101
271	1178
96	2148
75	31
808	1
97	636
794	659
302	303
1	1114
30	1570
1885	20
38	26
30	1578
1737	129
943	12
1885	29
1575	20
568	4
122	1060
188	12
1651	12
679	20
539	229
1037	356
99	2
72	397
275	29
35	936
572	216
99	4
12	909
52	209
52	206
52	202
116	982
2307	153
523	96
61	1009
1038	57
52	1310
128	129
96	1291
553	141
316	150
30	429
221	522
2017	30
630	661
30	421
763	411
2213	349
2014	12
410	411
534	1002
69	1706
1259	330
69	1704
111	279
2	1900
1153	69
659	532
235	359
121	59
1975	1
128	1252
150	734
1045	30
1850	249
164	1045
532	65
503	522
846	346
59	1032
59	1031
175	38
65	602
1976	128
1608	12
1128	4
87	206
20	1073
20	1075
404	12
1375	12
196	170
178	198
1458	1459
661	572
645	1414
2126	165
2105	41
321	1299
321	1294
307	269
30	845
30	846
2134	431
299	20
2306	150
1666	12
661	685
645	783
299	29
87	1203
1099	411
1988	96
309	12
1678	208
122	964
1813	1
106	41
447	1058
75	745
2	1242
1379	1995
72	1264
1813	59
72	1266
2247	61
97	272
30	1017
538	249
966	20
2238	636
807	346
34	724
2	846
2	841
1445	29
59	119
949	116
72	638
35	1932
35	1935
586	733
52	982
72	632
2098	2099
153	126
2093	4
1913	1
868	208
249	863
61	1825
131	522
1303	20
96	599
35	692
1401	1
35	697
787	607
126	42
1825	12
396	94
229	235
229	232
229	230
233	12
229	1457
171	23
1065	12
245	52
12	997
1860	1878
649	30
768	16
97	403
180	12
712	647
906	279
254	354
903	52
128	592
1914	12
1827	161
35	2111
97	1581
99	733
126	217
12	758
1365	1366
12	754
12	755
712	1128
1095	198
2235	30
249	11
818	150
397	126
4	1223
982	61
30	210
65	354
330	2210
30	219
29	354
1038	1091
5	6
52	699
12	727
1647	1661
661	1278
128	2195
61	958
690	691
1930	661
786	12
397	694
894	108
2047	57
733	256
59	1733
153	1637
126	1341
1478	1479
1619	846
879	12
1008	1249
59	473
431	2219
1210	1148
291	13
1346	12
330	848
4	108
249	666
157	2025
1516	276
52	1574
124	1
1811	774
124	4
646	800
694	1759
824	30
774	1258
150	1466
51	538
388	477
901	59
2315	2316
243	20
30	614
256	75
30	1689
689	677
2	1650
679	430
203	2312
534	852
9	12
580	108
1002	909
2121	65
1534	847
2293	411
1726	61
411	733
271	2322
35	1038
2320	96
12	2017
316	44
302	12
983	12
1465	30
1641	119
75	726
161	1653
1389	12
416	12
1158	229
20	895
1526	1864
1	1151
1603	12
585	586
180	229
1915	779
249	473
1006	170
26	522
78	42
78	41
69	416
108	232
1	1232
69	1524
820	1299
1	1280
120	220
88	375
1474	539
526	346
72	1924
12	1387
182	616
247	538
745	1522
547	12
61	1451
263	465
533	534
873	119
484	280
75	12
611	29
38	1448
1716	1717
65	1192
271	29
12	1658
30	1599
2299	29
52	61
1023	1059
30	1590
1243	12
1	1755
1132	108
326	327
1420	12
176	35
2253	30
2	233
362	52
52	228
52	229
1852	30
130	4
52	223
1469	20
52	737
62	63
128	105
1851	12
1410	1525
522	223
98	1393
1356	1034
1328	1329
170	96
170	90
298	96
997	389
1152	740
765	645
30	1532
972	229
99	1312
712	106
637	72
20	76
20	75
12	1283
116	1437
128	368
1775	38
119	1756
51	9
223	229
539	249
150	245
150	711
150	716
150	241
175	12
1779	12
1031	1951
86	1202
378	108
753	12
30	157
30	154
30	152
30	402
30	403
91	30
20	1093
661	1739
1035	694
534	2238
74	4
57	1664
609	12
256	198
327	29
23	235
321	522
242	4
327	20
97	98
1367	465
1258	670
151	152
2301	35
256	995
1466	1977
1574	1575
2268	12
824	182
72	179
1000	29
888	12
35	1627
447	1075
467	78
853	330
526	1839
1335	108
72	1246
1312	106
10	29
12	942
72	1241
659	96
94	853
1252	30
2267	12
1245	12
35	362
59	131
785	397
388	1
35	1954
389	23
260	261
1431	12
526	1169
1320	12
721	29
117	2
1051	1045
1937	59
1274	176
1106	106
1394	29
1060	1091
1454	65
648	12
5	919
229	255
52	2116
538	1
855	30
743	539
1807	247
198	2119
716	61
150	870
182	2
1162	531
30	246
2264	630
170	1777
1557	57
823	694
621	1210
2136	229
235	59
57	1069
182	264
1497	537
1411	30
1526	1651
572	384
30	240
126	238
99	247
12	898
141	846
14	249
2128	316
1264	69
229	2
322	215
52	4
1287	198
52	2
249	35
2311	1395
228	229
30	238
1008	61
1147	279
30	232
279	690
30	235
150	1335
733	493
733	1622
57	346
156	12
1878	52
30	469
1151	150
1151	155
670	72
522	1036
590	20
1526	2050
81	124
733	276
733	271
571	247
1102	65
349	1340
105	733
451	30
1948	1258
408	108
155	12
4	161
252	373
1214	23
4	1429
229	411
101	545
14	12
14	15
35	62
35	60
59	633
571	61
59	639
114	12
24	1309
1157	229
2038	59
572	990
1125	41
29	9
29	2
29	4
248	1451
1386	29
133	65
449	2209
75	1911
733	2171
4	787
2	1633
2	1635
836	468
1906	35
206	2028
511	30
254	58
534	878
932	12
254	57
243	582
35	1541
20	12
240	241
23	2276
1285	30
1833	669
933	52
59	2169
30	1747
1377	39
597	702
279	217
472	492
29	1821
431	733
460	1000
69	783
358	1271
397	29
762	1
1146	1081
20	154
448	449
316	72
20	564
124	694
858	1217
97	1
97	4
1180	243
336	337
389	130
1831	20
1148	65
1506	170
161	396
450	451
836	12
2118	4
1091	61
72	1901
12	1411
604	1
30	1606
30	1607
30	1601
351	26
75	76
227	630
1119	723
330	1342
12	2326
2110	35
150	779
643	35
97	1158
35	2094
58	202
1360	400
1602	362
439	12
1098	57
1060	20
762	808
1207	630
832	116
52	1460
841	20
12	279
1447	1
69	1376
3	4
150	2304
61	1043
1060	150
1822	229
150	2301
696	198
1936	1937
141	472
1985	658
780	61
1501	1
531	1087
52	1600
1	722
12	1473
1189	1190
150	1452
1737	12
349	802
1212	59
823	61
1027	1028
412	229
712	122
1269	20
637	57
2000	12
20	95
20	94
12	1474
87	570
20	93
572	961
1929	12
35	974
354	141
1263	235
1692	1
362	78
886	346
1821	2
153	276
820	25
1091	863
30	178
1297	1749
144	733
1412	176
606	96
465	30
1307	1308
1354	38
764	434
1133	30
61	297
2	3
150	267
14	1344
2214	99
2	1026
854	279
150	269
1493	61
1805	1
1031	57
122	256
2025	694
593	223
72	182
75	59
479	2310
888	78
150	194
572	840
645	477
859	20
575	57
859	29
330	1592
739	316
805	806
1252	12
202	840
468	539
232	978
59	150
59	153
59	155
2	770
2	807
774	199
1546	52
1865	20
1185	12
699	30
1743	2287
229	272
229	271
18	280
60	72
120	927
1500	522
20	979
264	2034
1688	1142
1533	1
642	1
757	20
64	12
249	756
63	150
31	35
694	1875
120	690
2298	59
942	41
1445	61
2	2255
24	96
12	1088
1427	1389
355	538
1537	1538
97	1815
1141	20
694	621
759	99
12	1691
1	399
531	1165
88	235
13	106
108	379
22	23
22	20
99	264
789	2140
712	1168
61	2254
1523	20
203	1511
203	1516
892	12
1675	1032
52	526
1	1075
733	1394
2001	367
617	1081
1459	52
1488	4
161	187
187	87
215	1970
150	1682
30	1410
30	1413
303	304
119	275
216	954
99	199
1786	1
99	1501
359	1939
291	182
2101	12
279	280
12	687
492	99
670	12
52	389
1754	1
52	382
1613	534
1735	12
122	81
122	88
572	573
2258	2
447	508
2127	1976
785	1710
2186	205
119	493
652	38
527	30
150	2171
157	2069
1226	630
2184	1
4	141
1236	231
279	425
1	2039
267	12
30	611
30	610
875	78
1055	1056
835	1716
316	256
715	106
1935	69
120	1035
52	66
276	1286
618	620
510	12
2173	1962
769	1249
133	81
20	1111
1392	783
468	12
1088	929
924	1
113	114
572	1062
572	1060
992	120
61	886
397	522
85	52
30	2257
29	774
1377	72
532	161
1813	35
35	1567
1379	2118
30	948
99	527
150	1917
30	943
567	65
1295	52
817	818
2294	61
1002	1004
994	52
2063	12
493	1087
108	413
108	416
1064	41
279	986
1506	153
608	1163
1711	12
11	52
30	1626
30	1624
12	1470
30	1623
30	1621
1310	1311
1836	1
30	1628
661	871
99	1759
937	800
697	65
30	1058
593	733
2140	59
198	453
35	534
1462	12
171	2116
689	12
12	1698
12	475
12	474
161	516
1973	1974
1774	130
58	260
41	617
783	20
370	21
198	630
783	29
249	1501
96	769
198	638
52	1448
1272	1273
411	465
1	1712
1740	59
1	1716
835	108
1539	1
1827	61
1027	1
52	264
12	215
52	263
39	359
157	2299
696	171
142	143
1	702
126	1950
2	2064
182	1963
2	2063
2	2062
97	129
