2043	6842
282	35
836	5
26	230
637	34
3	1118
1439	13
144	1319
632	633
414	777
588	26
3	1117
1594	97
517	26
363	513
836	46
620	49
47	1110
47	1116
140	514
0	48
1202	5
169	36
169	38
0	43
0	44
5	1333
5	1332
5	1336
61	508
61	501
61	507
1740	107
61	505
163	1589
0	1045
439	517
49	1435
434	215
48	136
41	1585
422	5
230	1474
5	82
551	513
36	555
1704	35
107	486
77	1275
83	48
1621	46
3	1596
126	1463
1679	39
475	456
713	8
55	5
1767	5
1281	46
72	164
284	1704
77	43
638	639
0	228
0	596
0	597
48	61
3	626
3	623
1974	46
118	37
3	629
3	158
1409	926
371	192
26	172
151	64
699	15
475	41
857	18
18	269
1045	557
5	489
74	48
48	70
10	61
1558	28
5	955
986	41
492	1472
64	38
81	82
31	13
15	555
942	64
442	46
20	2000
17	1064
44	1470
1815	5
434	42
510	5
274	10
235	18
62	7
62	5
137	138
235	16
626	18
126	273
171	41
297	119
555	7
191	167
269	282
551	39
21	22
18	1074
592	597
42	1775
48	2041
642	169
1015	167
44	415
1498	15
1714	1715
118	20
1348	166
1685	15
970	5
245	15
1939	18
196	35
64	154
196	38
148	46
47	1303
1883	46
169	255
731	663
39	940
1141	3
486	838
68	230
976	160
1515	504
1758	5
192	595
3	818
717	401
3	813
3	1304
3	1302
1567	1568
1305	18
3	1301
3	1308
1199	1200
1673	70
1966	144
16	34
16	35
1968	97
889	47
1087	5
116	1629
39	500
38	208
48	586
671	5
767	115
262	18
26	1534
126	473
1171	26
580	167
172	95
162	1391
1403	1352
61	311
290	772
1230	39
48	362
390	5
234	235
1453	95
167	620
1824	28
762	154
20	520
165	401
1770	1771
34	338
929	118
1263	46
1522	5
15	1414
924	26
43	137
1413	46
34	150
34	151
61	1439
50	1177
1237	18
2042	1623
492	337
77	1496
351	61
697	83
70	215
1239	5
19	61
310	734
704	46
471	26
963	1045
1855	561
629	38
1480	1481
34	1674
215	1767
3	1683
456	42
835	42
46	595
12	456
1100	15
948	1508
1153	237
18	893
18	892
282	13
163	44
7	484
7	486
410	492
113	489
595	13
554	18
32	5
32	0
320	504
149	150
18	42
18	44
18	48
218	155
1909	50
686	973
675	18
18	1429
1184	305
18	1425
472	18
418	79
151	469
359	5
1145	70
1072	20
13	15
13	14
819	820
275	10
1211	496
469	558
18	1282
118	1375
1409	1427
1031	3
489	504
48	116
48	115
48	112
14	223
61	127
61	122
46	353
410	20
46	356
44	20
1208	235
46	359
3	608
1546	18
52	905
956	95
52	907
496	26
475	476
1464	169
580	46
31	1960
195	1716
10	1066
334	26
475	26
475	28
611	119
1661	218
151	83
5	976
74	26
8	1920
8	1924
1837	154
1542	267
1856	432
10	83
663	41
365	492
7	97
953	15
1361	1362
7	99
432	1075
118	244
918	202
130	1068
31	74
219	28
597	154
269	1703
26	155
26	151
26	150
28	361
5	1489
184	1623
1196	15
434	26
235	39
42	1409
8	1258
620	255
1273	3
61	749
804	864
144	253
121	46
869	571
1068	16
1801	5
1733	26
18	935
18	930
8	994
672	26
1982	46
150	1391
672	20
2001	46
1046	41
169	662
682	592
31	101
43	1022
229	1069
1149	13
118	49
61	1748
61	1747
1455	169
61	1745
3	1891
23	24
46	434
1095	115
196	18
0	1433
291	95
3	1098
326	18
335	1858
531	18
1373	26
326	13
326	15
10	611
566	420
1965	26
144	1749
38	195
1597	5
138	26
267	5
267	8
963	15
1201	37
16	19
1179	5
87	613
16	17
155	156
1322	42
1931	46
126	454
126	455
672	167
1450	126
621	622
409	443
3	834
3	836
3	833
61	333
3	839
61	336
15	242
270	271
475	861
47	980
1710	1630
19	504
458	731
502	26
294	18
1854	351
165	466
1716	18
734	580
1197	101
383	61
39	260
1341	1342
15	1928
15	1432
1298	31
34	176
34	173
34	178
131	267
49	284
219	670
278	26
947	948
1906	5
50	542
1893	276
552	154
70	235
1541	126
789	790
936	490
31	169
1723	46
162	353
629	13
755	5
46	601
573	501
97	342
3	1666
877	61
1752	124
1807	430
119	58
8	97
1103	18
218	1228
3	1405
5	1291
154	5
154	3
1490	3
1293	169
18	67
1319	656
95	310
95	640
18	61
194	5
852	5
1236	592
34	95
585	35
1046	484
144	61
557	116
917	3
1018	595
144	789
329	124
60	620
329	1051
36	262
654	18
5	1504
1590	267
492	555
387	3
943	310
89	167
169	77
89	169
58	59
267	44
267	43
235	865
734	454
3	991
0	1371
399	18
0	1378
48	20
48	26
0	269
2040	388
377	378
1023	5
13	218
190	97
1613	15
61	106
61	104
3	191
504	139
1553	337
595	845
601	5
846	545
1865	46
1466	46
699	50
600	126
43	852
18	222
1539	97
860	126
272	5
412	26
107	1405
15	582
620	621
620	623
5	1843
5	1841
5	1840
26	97
26	95
792	41
1142	5
215	265
13	8
479	61
13	3
13	0
20	482
5	196
409	13
15	720
5	192
1378	18
26	131
237	5
39	1290
827	828
53	46
242	26
1410	144
862	26
5	225
15	50
1162	3
5	229
44	983
118	267
655	656
203	39
358	46
118	269
721	1528
1778	144
18	911
8	1050
1958	15
310	677
852	1834
1730	46
1377	5
413	26
1398	10
141	594
97	1380
388	1354
1122	513
97	1476
34	35
61	1766
46	411
46	413
46	415
160	1861
306	326
160	1862
99	600
119	163
130	365
95	107
1635	61
14	95
167	20
633	5
1010	46
828	3
40	18
1119	5
49	3
49	0
1280	13
1753	1754
160	195
1396	864
155	95
181	183
155	99
994	995
61	832
46	1825
858	15
732	18
61	352
61	356
181	97
1560	864
3	852
1851	285
3	850
921	926
157	501
678	1952
107	706
47	118
15	269
1029	41
5	765
32	26
15	913
15	264
1476	18
1637	5
1334	39
230	1682
1110	34
31	5
571	1136
795	115
31	0
1831	39
280	734
31	8
1067	26
771	597
1425	471
289	42
5	167
77	928
1397	592
1079	31
131	469
1492	13
49	112
3	272
3	273
184	745
1369	16
8	126
480	15
34	196
107	5
597	693
303	196
41	542
1224	47
1111	1109
20	900
115	39
1179	1431
1096	42
45	5
731	20
20	873
130	28
130	26
1164	592
26	852
283	5
46	620
482	61
1089	73
206	207
1365	1728
561	5
1390	219
1083	520
15	1016
158	26
5	1722
99	48
99	44
1013	592
3	1102
595	592
595	267
555	292
526	48
290	61
290	64
165	1947
252	97
42	83
218	195
629	631
3	1641
147	42
1186	46
144	42
1204	46
779	780
144	46
876	10
19	5
1561	46
461	5
1286	46
3	1420
514	46
42	371
868	5
1719	26
1143	686
280	126
77	1298
57	10
1092	169
469	68
47	691
763	18
745	267
763	15
61	1153
1774	77
1206	1837
1240	131
70	732
3	468
693	46
47	443
258	18
18	699
18	695
18	694
18	692
18	691
18	690
264	46
264	42
3	645
1697	504
3	643
73	46
157	245
52	947
235	1668
44	61
126	552
1869	7
661	97
124	360
1943	752
1712	492
981	3
1714	1650
1749	126
224	132
18	200
1929	46
15	139
1844	144
1289	729
192	144
639	5
204	205
24	15
3	753
353	262
15	700
15	703
15	131
104	5
1527	383
356	294
771	475
26	116
26	115
310	1210
8	1215
486	432
1655	504
367	368
5	241
5	242
873	13
1315	5
494	8
494	5
50	664
46	203
64	93
43	2002
283	42
1268	37
18	973
276	13
269	264
1722	97
125	20
169	620
838	70
1127	1369
1011	880
709	46
18	1063
462	35
35	742
230	1966
743	46
1071	15
1510	26
61	17
208	432
61	616
131	3
61	1708
196	50
1010	118
507	1358
52	1231
117	118
230	439
46	50
20	420
366	169
868	184
95	434
95	435
1867	15
580	5
174	5
371	902
174	8
144	1765
47	16
18	595
237	410
3	1369
244	1776
1834	46
1748	560
283	255
557	1118
401	275
20	1191
107	1658
5	1143
243	5
1695	1045
160	974
486	1801
256	253
61	377
61	370
61	803
0	1293
1247	1248
0	1295
0	1298
46	897
439	705
1187	936
1446	18
35	107
157	37
44	750
169	367
1549	41
0	184
592	294
1649	1650
0	189
1227	47
330	318
116	535
356	357
806	484
1182	15
49	131
107	188
8	107
1829	18
46	273
3	259
46	276
3	255
3	252
15	937
15	930
290	249
0	980
61	1491
95	9
95	8
230	2008
61	1498
163	18
163	19
95	3
1667	410
745	13
46	1975
23	634
1061	144
61	238
456	235
5	520
720	721
952	26
846	601
1430	5
388	1167
31	127
1550	107
1041	230
167	207
230	335
34	1387
116	1624
504	267
368	5
116	1625
77	671
1724	5
83	160
5	280
99	66
5	1702
15	1030
16	771
218	1870
218	351
126	379
163	0
218	1873
126	374
526	26
839	46
14	852
1708	5
126	1104
201	492
290	47
20	141
23	1428
39	204
49	739
1098	119
188	124
597	18
269	456
597	13
42	356
1258	26
1720	371
882	20
1011	144
1620	1621
401	718
3	1193
1072	47
215	203
565	432
636	15
20	1171
1438	267
996	5
169	550
61	1131
788	144
3	401
3	400
3	408
750	35
18	1590
0	1338
1499	1593
8	731
150	3
1278	61
0	1627
1290	5
89	13
89	15
1794	26
421	18
1527	5
144	1062
1255	8
1734	97
410	82
15	1065
83	1061
1014	371
18	363
448	5
87	116
49	837
1623	116
371	372
659	8
95	1584
15	1556
1642	296
15	544
1097	75
915	116
5	1882
44	1384
267	165
1260	20
547	5
61	637
49	23
1846	595
1666	5
808	41
15	760
534	26
15	764
544	26
477	13
1762	13
26	469
46	1569
1547	15
553	46
8	1237
58	182
144	231
34	651
1926	18
873	35
3	140
26	792
822	735
1340	1341
13	20
49	300
46	1786
1070	77
672	46
8	939
783	107
504	3
504	5
112	136
973	61
1328	1245
1691	13
476	1689
1041	41
694	3
692	976
780	107
694	8
950	951
957	5
5	49
821	1848
537	15
160	1824
230	456
1880	15
8	1099
46	72
44	234
1410	804
46	77
1614	46
1001	118
1656	5
1705	26
8	294
1179	46
167	61
195	1598
1496	195
884	35
1110	5
656	13
1693	3
310	5
1808	597
3	1389
1786	26
14	469
1272	26
354	355
711	712
419	793
95	416
475	592
151	585
900	5
144	1984
1109	542
1902	5
172	18
18	1697
47	121
34	987
47	34
1765	422
34	860
1486	1487
725	492
244	695
47	39
34	869
206	41
501	5
2027	169
1134	5
584	1086
530	26
1428	107
38	283
38	284
35	165
235	1257
1368	18
793	13
793	15
1104	432
131	422
49	155
1502	26
35	229
458	459
115	353
1532	595
232	326
3	231
1508	557
1091	5
46	215
5	726
15	957
1354	504
5	729
32	61
229	18
95	18
70	292
432	487
116	510
10	119
1000	667
1244	5
46	1044
195	42
1250	5
46	661
46	667
255	35
132	1306
15	372
1077	1691
3	1017
77	697
309	237
1648	97
121	118
121	119
432	1770
42	1564
15	1059
15	1054
15	1055
119	34
1013	70
97	187
44	1623
31	107
442	5
288	61
942	934
534	5
247	46
1781	15
1457	592
730	42
532	46
58	791
521	26
403	15
50	1719
1011	13
1032	46
3	1976
1032	42
64	26
388	1235
383	492
269	432
388	97
103	8
938	97
1188	889
492	533
1860	5
215	262
1424	35
1622	1598
130	227
119	843
520	1959
61	1118
634	97
34	155
505	26
126	1879
992	28
1601	371
795	116
1245	97
218	672
1415	1412
365	3
1146	18
28	26
686	26
3	681
3	687
1228	3
69	18
849	126
18	387
20	1255
69	10
10	328
359	47
26	1251
775	46
44	1757
1231	26
1733	341
1110	662
412	46
1051	470
409	693
26	35
26	37
26	36
26	31
1318	144
2009	18
859	5
1624	82
15	745
1411	1262
31	1091
159	5
1993	1619
13	1289
1418	5
160	16
893	3
689	5
384	1594
195	356
5	282
1741	0
1996	1669
1778	121
351	383
557	61
15	1285
15	1284
592	570
55	47
112	113
15	635
1070	15
838	31
456	116
1072	1654
415	1698
1149	119
52	438
1026	5
507	1314
95	160
1474	5
39	744
44	213
1462	144
44	219
1144	83
3	1010
138	1806
174	218
0	2025
492	1011
939	118
26	725
72	13
1063	3
1942	1943
1503	95
116	1394
184	1261
1660	184
95	165
31	1777
87	1088
234	151
445	296
1392	3
61	846
61	847
181	36
172	34
395	396
144	976
872	131
35	144
2010	239
26	14
294	97
18	1579
1475	876
293	5
0	141
0	495
0	145
790	1527
61	265
126	1252
284	19
41	1820
284	15
49	172
61	1902
46	235
97	64
8	3
218	39
3	743
46	232
97	61
8	9
35	87
145	116
847	8
850	46
0	725
18	441
696	1883
41	1647
15	973
5	877
5	874
5	872
627	26
67	26
628	1352
1524	3
983	26
165	353
95	38
218	1018
95	31
42	8
252	5
77	327
77	324
478	18
42	0
42	3
255	15
255	16
1701	3
255	18
34	1692
68	1052
195	61
1308	42
15	359
15	358
535	174
15	351
61	2011
1077	26
290	1853
426	5
5	1741
63	8
124	585
20	983
1938	20
20	988
63	5
50	1484
34	287
383	1569
34	283
154	824
595	284
649	1206
328	595
26	341
1405	97
28	116
34	1037
735	371
3	1956
3	1951
1093	41
504	1392
1093	46
521	46
39	248
39	534
992	46
41	20
842	5
43	1450
167	1867
585	206
370	371
99	873
143	46
3	1480
3	1483
3	1482
91	5
42	310
179	180
1766	45
124	1084
37	38
804	97
34	17
34	18
34	19
869	72
420	18
1046	154
420	13
95	207
163	1908
432	61
3	910
423	35
1946	165
851	272
3	1225
338	13
3	1223
3	1222
1236	26
18	637
3	1229
338	18
1086	5
1754	169
61	445
1086	3
659	660
963	383
1264	97
1362	5
910	39
28	46
136	13
259	282
362	219
701	5
154	734
61	1559
26	1276
18	1260
739	661
196	26
18	1269
61	450
1052	18
13	1111
481	26
144	155
61	1903
41	7
41	5
48	243
282	584
41	0
26	19
26	15
141	838
536	590
972	18
49	61
49	60
273	26
455	35
470	18
5	119
3	740
5	116
219	85
160	39
838	1312
960	208
50	1250
116	497
116	146
212	5
26	422
1933	118
77	157
50	1033
740	592
674	5
371	1693
440	441
219	557
268	271
1671	371
2014	2015
1419	169
1123	26
459	26
115	142
1137	5
1665	762
710	410
239	240
727	338
26	289
973	26
249	1400
99	541
1873	41
49	18
1257	1998
61	74
1674	408
18	1094
46	492
46	494
1282	154
292	10
1633	1634
154	492
18	992
188	846
39	763
1044	26
3	1032
3	1033
5	1532
492	1077
1270	10
5	1535
1959	557
156	154
56	26
172	612
172	610
141	1393
15	758
1689	592
490	957
84	5
459	1326
1258	49
46	36
46	35
99	689
46	31
46	38
47	163
36	363
1640	26
466	388
1791	557
181	15
8	536
1337	39
745	504
300	18
1049	99
428	13
42	454
47	70
34	823
1440	18
116	936
126	1011
83	1184
8	1188
3	588
2008	255
248	18
8	650
269	3
269	5
233	133
269	8
61	247
61	249
70	126
722	20
561	26
0	1502
1554	28
3	760
97	42
287	18
949	20
535	1192
118	348
896	46
1368	5
248	5
592	20
95	50
95	52
882	3
10	155
1043	18
5	585
5	589
182	26
116	551
34	441
77	306
1401	492
124	18
84	15
124	13
124	15
240	20
949	3
255	13
31	1115
1040	10
1715	5
362	181
628	5
216	217
163	701
15	1093
5	325
1787	956
5	329
26	1852
144	353
1138	5
815	5
126	1904
77	1676
115	1340
77	1671
26	365
97	492
342	343
485	13
247	26
3	1931
410	906
61	1521
3	1939
215	956
1210	175
3	2001
269	169
188	189
269	165
43	1471
1388	18
41	107
144	764
305	119
163	857
2038	3
995	996
363	8
61	1664
363	5
61	1662
201	475
326	5
965	3
44	1933
37	50
1663	61
119	809
61	2013
61	2010
165	938
1255	18
34	70
838	118
1612	1613
427	169
384	799
770	118
504	952
519	513
68	19
41	1872
3	1204
1411	1545
1470	26
39	23
1241	1918
867	26
122	123
122	124
661	15
528	46
218	1243
469	409
1828	26
1025	5
5	1029
457	48
5	1024
1392	13
18	1539
588	5
18	1244
35	12
1692	42
15	835
1755	97
15	833
15	522
15	523
1418	46
26	70
49	47
868	363
131	35
49	41
49	48
923	46
144	165
1007	5
5	131
144	169
190	469
34	587
3	392
635	410
102	119
1957	35
1773	144
1261	592
1309	36
570	5
496	5
77	171
13	49
674	46
13	41
13	42
13	47
15	1797
732	734
165	255
1764	18
2012	18
489	3
52	851
5	806
141	36
1317	18
167	165
1161	762
504	383
796	734
55	363
46	165
46	167
8	1839
833	384
797	85
255	410
439	1309
39	167
61	92
39	163
492	1583
50	881
583	20
738	20
39	1099
206	492
464	15
1164	5
218	585
1042	3
39	702
74	141
1062	20
190	5
36	42
155	3
1110	1793
251	5
1167	215
320	201
322	18
1262	1412
170	28
1927	10
1129	18
49	1047
1915	5
806	26
3	1051
506	18
489	42
44	253
1147	46
275	5
383	661
172	70
34	806
97	1234
337	18
269	35
269	34
42	439
1466	15
1750	1751
557	3
1355	46
340	26
249	1995
1067	5
3	566
3	563
3	560
0	458
34	329
233	115
521	43
355	5
235	328
456	1381
107	456
61	224
150	784
46	909
150	782
0	1523
8	182
3	705
218	1580
5	837
0	99
165	136
1267	26
664	26
151	291
116	1244
2018	2019
167	757
47	857
95	77
154	18
13	155
13	154
15	10
382	383
15	19
15	1309
364	26
1688	105
12	5
1315	61
1352	26
1771	46
51	13
1842	18
295	296
2006	300
52	38
5	1387
77	580
20	230
955	956
1170	169
1709	1708
747	3
661	5
1513	811
1488	95
42	26
42	20
42	22
46	3
46	7
15	1201
153	154
1169	97
1747	1668
41	61
391	26
7	95
3	1913
3	1911
1972	126
46	1727
1243	208
42	601
492	1458
41	126
61	1649
1626	1527
434	154
162	207
46	756
141	237
70	962
99	163
119	827
119	531
566	567
1202	1203
5	1475
231	18
34	55
244	119
18	672
68	32
1118	5
18	138
3	1263
999	5
388	592
116	1032
233	5
26	1180
469	83
15	2024
15	2021
15	2022
285	46
189	13
44	1043
1055	13
18	1516
61	412
47	283
144	3
157	158
585	0
1386	561
298	916
3	954
432	20
3	950
15	819
282	893
652	410
26	53
1279	28
120	15
36	116
492	485
415	410
36	118
686	43
1083	5
286	26
14	1948
246	5
36	1063
694	99
43	541
492	157
50	84
169	115
169	116
0	849
469	883
5	1914
5	1916
1890	26
721	722
1406	1407
5	151
1447	492
5	155
165	1180
1529	595
934	169
973	215
520	18
97	245
1961	5
560	97
48	1396
1287	7
441	1779
207	1307
688	484
121	504
15	1116
601	195
620	1142
799	39
1303	3
492	1709
402	169
163	1909
35	3
157	970
20	930
35	9
1106	857
19	244
1465	1467
1465	1466
810	811
201	202
31	1799
678	3
840	841
38	97
38	99
95	492
7	253
44	506
1940	5
1360	492
3	1071
469	163
1594	26
726	0
1155	15
232	710
1652	97
329	760
42	148
388	35
8	575
520	1815
445	1876
47	1746
59	504
3	549
70	13
793	95
570	571
0	1094
83	1145
92	195
18	795
41	1811
167	734
1895	5
441	31
68	363
550	13
3	723
1595	169
46	298
107	124
1752	1753
70	167
342	1321
1218	1214
5	812
167	115
10	443
1417	3
1221	341
1751	930
2037	5
592	899
154	31
15	481
359	13
10	195
282	406
13	131
61	754
15	37
15	36
15	35
15	34
15	39
15	38
131	132
68	1030
586	215
136	5
126	601
15	668
1213	1203
564	144
229	97
592	61
58	1577
1283	15
165	518
760	13
184	234
618	1456
984	18
5	364
5	365
1405	26
1700	18
1857	5
15	1326
1216	61
15	1324
1233	291
6	7
15	1320
936	5
15	1328
83	34
42	43
42	46
42	47
70	1257
3	1418
1742	89
41	492
68	960
41	47
61	1561
41	42
468	701
723	8
61	1620
365	366
233	61
72	5
61	1626
388	10
7	44
712	46
1248	994
230	573
1272	1695
46	732
46	737
811	5
1606	15
1978	5
61	1196
1698	35
1321	5
650	5
342	3
443	504
1056	169
445	124
3	1245
97	836
691	5
39	64
22	427
1245	1246
15	2007
195	1700
3	1897
245	118
925	953
265	452
111	5
490	491
192	525
192	28
61	439
39	1618
126	1241
2005	107
327	5
192	20
1634	5
95	265
1115	5
809	557
469	1288
284	896
230	243
1077	1292
49	167
61	696
1818	15
61	698
684	685
97	52
946	36
265	47
175	124
9	47
126	1553
9	49
188	5
144	97
769	770
41	3
162	61
49	453
734	601
49	459
94	3
1479	41
1291	475
1845	1846
1329	155
62	290
115	654
1984	296
208	169
571	1419
208	167
46	128
46	124
46	126
997	998
167	126
46	123
15	290
18	136
2035	864
18	130
44	80
50	1098
1725	5
5	1667
1056	310
427	46
15	121
1091	557
353	50
15	126
19	235
15	128
107	1278
663	399
97	595
1326	18
2022	388
492	1091
174	290
195	1570
2011	2012
471	478
376	13
471	472
31	371
44	746
1884	763
471	783
1772	5
592	31
885	13
46	91
458	49
271	70
119	181
458	46
38	70
585	160
44	568
116	498
154	1160
95	20
1607	1608
44	564
1576	38
275	13
269	663
1995	620
29	30
275	18
70	534
18	90
130	167
305	218
108	18
42	167
42	160
893	77
160	34
47	1763
3	521
1605	46
18	1141
70	73
3	529
18	1145
27	28
979	5
177	26
388	163
388	167
388	169
61	1385
72	99
1409	5
9	710
0	1565
38	733
458	440
10	469
26	1375
1338	3
1919	5
126	1706
61	591
61	593
150	126
1981	1982
865	866
1484	15
15	469
15	465
12	13
5	37
5	35
5	34
2025	597
5	39
1519	195
546	8
15	52
15	55
641	5
1449	5
281	218
1935	5
470	471
199	18
48	434
1548	5
15	601
920	3
234	167
230	1775
167	1372
46	1609
409	1062
1030	42
46	1606
47	893
5	436
5	437
1743	97
5	432
253	31
165	536
5	438
1668	410
219	492
34	208
371	1512
468	5
1644	1645
468	8
1113	18
8	230
617	618
1344	1345
42	68
1564	13
1296	15
97	1718
42	61
42	64
710	18
61	1819
50	102
35	641
683	26
1827	5
388	37
695	734
41	160
41	165
169	3
61	1603
46	714
48	932
306	551
8	1190
627	1124
77	1594
174	175
230	124
331	0
439	1660
195	1497
22	97
22	95
26	91
1483	26
218	973
651	652
3	1519
218	2031
184	1529
14	230
39	40
184	1524
486	1845
667	15
1257	15
1008	15
1970	38
1201	1202
1304	46
46	675
23	546
786	26
1088	46
1503	190
276	172
107	628
107	629
18	1554
541	1878
144	695
737	5
644	0
644	3
420	1046
475	230
500	3
675	167
965	966
1630	5
47	184
215	821
14	46
14	49
1817	15
459	541
155	673
85	20
420	826
1292	256
535	1172
3	881
18	1012
1739	18
163	229
239	61
15	859
31	1877
15	857
1331	190
47	930
256	738
133	15
497	144
585	1835
34	290
1917	126
1413	154
767	188
7	5
231	131
7	8
43	70
167	1581
1172	99
107	26
15	1488
1678	15
18	118
18	111
18	116
34	692
1835	3
34	1206
77	1964
131	1109
15	145
3	23
218	2003
838	97
384	1631
1472	5
31	1203
758	768
3	1971
941	5
195	886
941	8
1657	131
1551	5
42	1356
507	34
144	505
50	1612
353	1379
1672	1673
371	1706
225	215
371	1709
952	13
1471	241
1028	5
439	64
144	446
940	28
162	383
1573	5
1759	46
1668	3
229	1874
849	471
1038	26
61	1014
42	10
504	13
1310	504
504	10
46	502
371	18
504	15
371	17
469	1652
469	1657
1254	230
469	1655
3	501
3	1163
3	1161
1847	592
1118	26
454	26
1452	5
20	29
144	1411
1997	628
911	26
20	21
160	376
1056	3
1400	46
0	1582
201	31
0	33
672	235
5	1382
175	26
70	50
18	1122
61	576
61	573
15	445
154	77
41	38
15	441
20	1069
15	449
48	181
91	61
928	557
15	77
5	18
536	537
5	15
5	14
5	17
5	16
5	10
13	469
61	719
107	169
61	710
61	717
18	1712
15	620
1120	267
90	46
581	15
242	243
48	981
420	144
118	614
52	51
52	53
892	5
38	571
1506	5
67	85
1132	46
5	418
863	864
5	410
195	415
34	738
49	550
48	64
371	1575
1302	7
34	735
203	218
167	595
124	95
493	7
124	97
970	971
112	5
961	10
8	219
911	3
115	758
169	943
169	944
48	1833
485	95
61	1830
926	61
601	10
1148	3
116	52
1058	15
3	1250
891	41
1178	116
388	53
1538	371
892	46
1065	26
245	46
61	7
1717	13
31	68
278	5
97	414
3	1759
802	952
44	154
44	153
5	1410
36	300
101	26
39	1264
39	1267
68	1978
22	77
162	469
218	226
1351	95
1798	36
408	5
157	1071
15	2040
95	739
628	15
551	46
857	144
47	222
77	1963
371	3
423	97
189	167
3	1286
3	1281
551	469
34	1479
15	61
328	31
1242	169
160	141
155	61
213	15
38	389
631	15
232	124
38	387
20	1292
469	486
291	23
1285	937
179	15
61	388
0	1243
1210	36
1651	469
174	95
1799	926
1511	371
136	1945
388	467
47	912
623	624
13	325
124	235
1628	235
124	233
165	785
165	787
241	36
262	83
77	246
10	235
43	5
167	475
46	1146
1822	384
18	173
1524	1043
107	46
987	116
1718	50
940	5
1904	39
1680	18
595	105
818	15
1882	169
49	492
15	1605
15	1607
591	592
545	3
1960	144
545	5
15	167
15	160
15	162
15	163
15	383
93	97
15	169
93	94
116	292
26	267
118	131
78	79
3	45
16	163
1887	41
807	165
1795	46
371	1726
58	1950
1675	1164
184	3
873	456
439	1477
611	39
97	620
8	20
1277	5
41	644
38	35
38	39
10	1417
643	46
1244	46
1581	475
26	881
905	906
408	18
95	384
86	3
396	5
337	99
250	1015
116	993
337	97
749	18
371	34
119	773
61	1032
61	1035
291	1747
46	1930
163	1086
0	1038
1575	902
820	13
18	778
435	5
3	1147
1694	97
3	1149
795	1072
849	597
1944	592
272	13
423	167
191	26
272	10
20	49
1745	169
43	387
20	43
1416	10
18	482
5	469
1045	28
371	219
18	485
18	489
5	399
0	19
34	233
866	8
0	16
1085	20
116	346
672	256
5	1366
5	1364
2017	26
739	705
305	18
1395	42
15	426
1875	15
1500	97
575	18
230	1402
327	32
1175	3
195	1210
15	95
15	97
61	739
3	781
3	786
18	176
36	294
48	475
1111	310
1757	167
99	1256
1863	1590
18	178
475	976
49	548
411	5
888	20
1124	64
1110	892
46	1090
1114	18
116	354
10	13
10	11
34	249
92	39
1349	18
449	61
1713	5
46	320
3	581
746	167
902	61
1149	46
764	5
8	277
1806	5
169	961
58	772
492	246
559	290
1185	61
1069	26
44	2006
151	18
5	384
5	387
5	383
410	169
26	740
410	165
7	172
1139	46
347	124
183	23
714	5
39	648
39	647
414	408
492	868
328	3
1985	275
169	956
47	695
751	5
47	690
52	511
22	50
14	584
1921	1251
380	381
1020	1021
157	1059
1823	5
85	5
85	3
244	269
3	1772
874	167
286	1571
291	154
77	1940
8	471
97	1314
8	479
980	18
19	151
203	5
1266	39
3	1551
3	1555
155	97
46	423
105	726
309	1298
960	169
36	196
974	18
1950	1392
181	5
229	409
1311	41
1598	3
848	13
1520	229
1426	97
155	633
1256	44
383	8
46	848
383	3
383	0
3	334
0	371
0	372
18	543
18	540
925	1527
1374	16
126	43
249	5
1077	1078
235	1286
1045	267
3	43
124	218
219	220
672	116
1294	46
1217	15
1565	42
1297	46
43	34
46	1126
15	986
107	68
290	291
107	60
1005	5
126	763
852	853
1879	1880
136	580
409	181
5	1992
15	1198
629	5
15	1663
15	1197
1833	475
20	889
20	887
15	184
3	64
3	62
34	384
1767	95
118	151
236	126
26	241
1117	1118
26	244
282	0
116	157
1821	141
1127	1128
876	144
49	215
49	211
39	415
39	418
61	1449
611	18
202	18
1244	20
202	10
18	844
38	18
677	678
740	118
144	401
1669	644
362	5
1589	18
450	97
608	609
619	5
23	1182
706	124
8	867
1956	15
269	95
1469	18
456	36
42	490
42	492
371	50
235	127
235	121
3	1993
1195	31
3	1121
3	1127
22	5
595	49
5	1207
1181	410
20	68
5	1209
5	1208
1051	26
386	46
469	43
255	201
1024	3
20	1311
70	95
61	530
157	675
821	284
61	535
291	526
726	20
18	1478
1892	144
310	61
172	296
988	15
320	15
15	404
5	56
192	734
34	447
18	1786
681	682
1206	26
518	5
962	963
1897	46
271	255
1923	61
592	605
399	371
115	1071
178	492
46	1335
371	492
41	876
2004	852
873	5
118	83
44	461
10	38
10	39
10	36
10	32
1491	486
372	5
372	3
966	13
169	1896
169	1895
8	255
8	253
46	305
15	1857
3	107
3	102
165	1247
526	1175
273	118
277	118
9	133
169	1096
1335	13
10	3
663	5
475	77
267	41
294	160
5	457
20	965
197	198
8	1974
17	217
701	167
982	475
281	118
895	26
757	13
1404	5
1165	5
1069	1070
1466	144
1585	0
20	2037
930	97
932	3
174	118
174	119
118	1934
414	931
492	1644
235	45
235	47
1036	3
550	5
824	557
595	5
8	1287
1370	5
401	5
171	13
1251	18
126	246
44	1829
163	1365
297	169
541	1721
99	185
13	1623
3	1710
44	446
44	115
3	1719
44	448
39	338
1391	3
231	5
231	7
160	1093
826	13
5	1113
23	777
957	18
8	418
757	1849
852	50
118	14
118	15
863	235
630	5
15	0
15	3
1346	22
130	666
1399	1400
1699	5
1250	95
773	774
42	267
14	20
486	869
96	13
1761	18
904	15
661	1937
35	52
611	5
18	1316
1583	95
18	1866
18	1643
163	1292
2041	5
47	83
388	427
10	584
146	5
297	46
1130	46
1435	17
92	93
678	36
243	18
513	20
513	26
20	1120
165	294
1952	47
511	42
50	1810
255	5
562	26
1287	15
776	46
296	26
438	97
662	269
165	1386
124	119
514	520
126	740
15	214
15	215
1295	42
1819	41
371	1452
371	1453
3	88
3	89
3	87
34	107
703	704
649	8
18	771
260	3
230	23
77	1466
68	860
547	28
49	235
49	230
50	512
1014	41
8	61
97	662
1241	1242
446	464
680	169
473	474
1924	5
210	5
1420	46
1098	46
141	603
1243	26
482	17
1039	3
767	1323
384	1123
230	652
1107	1108
588	95
52	254
676	5
18	19
18	15
18	13
1259	107
456	18
211	61
46	561
568	5
763	5
1911	95
18	869
37	3
418	48
1445	504
184	1446
5	1227
5	1224
20	83
116	1179
445	259
521	165
384	174
18	483
0	55
61	519
54	5
83	863
753	46
584	5
813	46
0	1079
49	1440
1308	5
25	26
1610	42
3	264
392	5
1751	151
1367	42
5	994
1400	26
294	1313
1611	26
1830	992
494	13
82	3
399	46
952	432
700	5
887	107
68	1328
48	75
48	77
1356	26
663	97
77	1699
77	1690
492	1067
3	168
195	219
571	61
195	745
1670	95
26	1331
15	1795
34	162
249	294
26	162
26	160
60	61
1276	504
1171	5
18	293
70	1762
18	290
742	469
1392	469
82	95
5	925
5	927
841	842
1034	85
603	18
15	1253
219	50
415	3
41	471
222	169
541	678
492	1665
766	767
492	822
1222	46
34	3
785	46
207	144
1212	126
63	26
1412	5
22	13
31	257
612	235
410	126
16	441
155	1213
1459	20
384	1823
550	474
150	1697
869	219
22	116
37	126
1941	5
739	97
1603	1604
1284	5
97	1355
475	686
635	26
35	885
118	38
118	39
3	1594
3	1591
310	133
3	1599
34	902
192	232
453	20
304	46
469	1550
492	442
249	1705
15	99
1525	1526
527	5
144	1828
18	1628
53	5
1021	702
3	377
3	375
3	800
35	36
18	503
77	496
18	504
31	171
1342	5
415	139
1307	5
324	5
439	326
658	218
294	26
42	1961
1832	41
672	151
247	252
1093	1885
679	680
1594	5
151	265
48	353
15	230
13	1005
15	235
79	5
16	1214
107	238
300	5
5	559
169	1298
353	1040
294	5
1825	592
50	1347
790	1594
261	26
1336	15
447	18
383	18
15	1401
228	41
1726	18
141	1318
144	585
1687	97
41	595
35	504
662	26
49	253
13	927
1298	3
1014	26
1621	5
41	627
41	620
244	172
1180	5
1180	8
1870	230
10	203
161	13
644	47
742	697
3	1694
508	509
193	15
1676	15
1746	305
535	697
356	1421
5	1798
504	97
46	583
504	95
5	1790
8	41
97	134
97	136
18	888
8	46
8	49
18	882
282	26
1451	26
514	18
1387	61
514	13
690	5
291	294
1226	5
625	5
230	1011
5	1240
18	36
18	31
362	26
77	96
291	5
89	154
169	20
1407	3
1735	592
889	1926
237	95
37	1540
1925	485
419	420
1608	82
1442	5
5	95
5	97
48	100
151	456
5	99
61	793
1145	61
61	794
157	5
42	547
20	1350
42	541
456	3
456	0
139	140
49	734
60	112
1493	15
126	1451
1174	46
222	46
548	8
70	783
3	493
3	494
2024	595
0	219
48	58
61	135
73	10
1063	184
3	636
3	143
1992	167
3	630
44	38
695	20
695	22
3	120
52	918
229	118
504	167
893	595
8	296
8	295
371	181
41	1042
95	2036
41	1731
1002	15
26	492
171	456
1320	49
475	35
475	39
486	222
267	249
748	126
5	944
596	597
203	48
7	83
484	118
15	1230
1587	26
409	26
1431	61
996	1273
1022	28
39	3
8	1245
3	970
1862	475
99	236
50	1578
154	264
31	501
371	1642
585	363
13	95
7	118
811	15
230	175
1786	144
230	171
23	876
1812	26
1178	3
418	443
1143	35
8	983
269	290
8	989
83	233
1535	1536
909	8
167	7
167	3
659	936
2021	3
44	407
1098	5
42	99
40	41
34	920
19	131
1383	5
1888	5
469	779
1848	39
3	1865
233	234
252	144
1482	46
460	18
196	22
112	1082
218	68
889	3
0	1423
105	0
162	23
2019	2020
1460	1461
1843	1844
592	116
1132	97
144	1774
144	1808
3	829
784	42
49	1890
49	1892
3	825
97	31
775	5
226	130
41	1922
155	169
365	126
38	218
342	346
1067	13
1896	26
1203	26
468	26
542	124
26	1524
1474	289
878	26
47	192
47	195
39	1969
61	306
61	300
15	253
15	251
266	20
48	372
235	0
235	8
1936	10
136	566
289	15
880	49
388	72
353	95
985	15
624	97
209	46
34	495
34	492
1901	26
469	8
1650	5
26	550
1274	598
339	340
15	1422
77	607
77	606
247	585
537	8
49	273
61	1427
34	140
34	145
169	1171
34	1486
1826	3
15	1684
926	130
141	48
906	5
222	223
471	18
1805	26
1379	95
408	95
585	469
1205	494
471	15
46	611
263	154
504	291
95	47
3	1678
99	2038
14	190
55	170
1210	738
97	116
97	115
1949	48
595	26
3	1413
3	1416
616	617
3	1414
517	13
184	1401
241	683
517	18
1443	475
165	1979
18	50
34	87
144	95
864	891
736	46
1561	15
1414	1416
1783	13
8	15
283	1847
1534	5
42	388
1987	5
232	1653
33	7
886	18
876	5
1593	46
1358	239
777	18
126	1262
61	1169
459	460
64	956
126	1129
144	438
469	1271
1905	26
331	5
1135	46
48	163
388	562
48	165
859	459
107	542
1624	13
1653	5
132	672
155	446
44	13
410	38
46	1282
1816	3
296	420
46	1287
43	849
46	1537
1394	1395
119	1185
18	252
795	10
346	46
475	13
98	5
5	967
1298	41
486	796
890	5
1275	26
353	236
724	26
15	1218
1559	184
1077	15
20	492
31	61
734	793
442	18
1372	1373
385	160
442	13
1099	18
1333	15
26	126
666	432
34	1295
235	20
1468	26
8	1261
637	169
5	218
44	646
1408	1409
308	46
118	274
233	89
371	1622
1252	5
492	1442
276	26
59	60
11	12
18	920
18	922
959	5
672	34
745	1345
672	31
1641	952
83	747
1684	5
61	547
683	5
443	475
34	942
771	42
97	1397
130	5
1623	26
61	1752
1512	18
181	8
201	321
246	26
469	1515
469	1045
405	13
0	1406
95	469
469	1518
3	1087
3	1083
3	1089
806	99
223	625
1514	124
70	5
70	3
20	1492
3	1330
116	1308
18	1036
998	15
16	67
243	244
1425	72
432	566
262	26
1323	5
957	13
5	1111
1082	5
61	329
5	1112
3	840
3	847
3	848
1437	15
422	18
1393	18
15	276
15	272
492	775
46	384
595	1794
458	728
1458	237
31	7
1064	15
102	74
131	492
894	18
318	331
660	18
262	267
1118	1551
3	261
168	169
492	7
1580	130
937	3
3	268
15	1919
8	159
34	163
734	735
1093	231
34	169
734	739
453	3
163	46
100	18
163	43
163	41
119	1041
1903	26
34	1469
195	513
34	1464
456	976
1497	61
31	172
989	118
973	475
654	655
184	34
450	18
1219	18
329	420
97	359
1382	1383
1999	13
1091	13
176	633
97	353
2013	5
1011	49
3	1653
10	2032
15	1000
256	83
15	1009
176	3
119	61
893	310
18	3
19	31
3	1803
1371	597
696	697
1862	1887
218	162
1133	1134
47	1434
20	119
1071	46
1235	91
23	1106
18	76
18	77
597	26
597	22
61	1966
935	50
301	46
97	1071
1261	1046
420	1149
1387	26
44	369
74	18
95	1912
47	1292
1472	26
1314	1685
627	118
169	61
469	218
169	64
767	620
42	501
0	1365
0	1367
65	5
8	707
693	18
72	110
3	450
3	451
1967	119
1962	22
864	5
1083	13
294	1110
18	1030
36	492
61	175
46	388
3	679
496	15
229	154
496	18
954	46
3	674
18	359
18	353
18	351
668	1001
1369	13
1788	5
760	124
114	115
18	233
907	705
848	5
857	42
620	618
267	195
15	592
1487	18
26	86
691	504
26	83
31	45
42	1250
5	184
34	191
586	167
61	1205
160	48
319	320
622	22
160	44
597	167
169	1638
5	2004
26	457
217	218
53	39
47	672
8	1206
5	235
5	230
5	232
31	545
369	61
371	1602
46	1775
167	1758
46	1773
492	1426
1009	1010
215	1270
672	15
772	41
97	547
269	255
11	34
922	3
1775	8
597	169
1861	1862
169	638
1325	22
513	3
8	492
1150	5
1563	46
569	570
61	1771
34	960
61	1778
453	42
2003	672
610	283
16	974
170	126
196	61
432	475
46	403
95	119
0	1173
1076	5
1900	1901
39	915
39	919
167	10
474	18
1168	97
1206	18
218	8
8	1202
1803	15
223	15
157	1472
3	1356
16	44
669	670
889	18
241	492
16	48
1250	10
201	3
72	42
333	46
832	41
5	1135
61	342
23	300
16	1019
36	390
145	46
5	759
691	13
136	527
185	186
410	0
410	3
1225	46
1094	3
3	1057
126	1889
469	184
116	521
77	1752
49	107
18	1938
3	242
829	830
15	1970
3	247
3	246
46	243
3	249
46	1187
74	1761
357	15
32	35
219	130
229	23
431	5
742	42
46	1983
46	1986
115	46
34	1445
1531	151
130	13
130	15
1523	738
1881	26
1158	46
505	1149
1347	35
167	215
633	97
195	18
778	46
1120	34
881	970
1889	8
1011	26
1327	5
1737	3
15	1025
1013	41
20	282
508	63
864	13
106	107
26	1821
414	294
39	18
47	429
83	84
95	614
218	184
1948	1949
20	130
3	1630
3	1981
1849	18
3	1989
15	1011
488	169
52	298
1194	26
312	5
282	44
1375	5
282	48
947	5
1953	1954
728	18
215	218
469	584
348	3
215	216
144	50
492	691
18	1238
124	1367
61	480
107	362
1176	46
864	97
864	95
290	537
1149	26
39	97
39	95
388	520
235	585
2039	15
990	116
44	50
18	1056
44	59
227	38
28	18
28	15
126	545
1209	310
15	1751
10	310
5	1095
126	1164
958	959
18	219
609	169
18	215
473	26
663	13
734	945
663	18
61	627
1768	5
710	5
13	269
61	628
61	629
126	157
23	2039
20	456
1147	8
1478	513
1147	5
1101	46
717	908
1886	15
1800	1778
152	38
58	190
5	253
367	373
5	256
49	310
598	18
1031	469
13	34
13	889
44	972
87	88
644	469
283	55
1189	18
1046	18
541	946
1046	10
592	504
1367	1368
35	751
1951	371
1071	26
61	1714
1206	5
196	46
400	144
507	1619
1631	195
160	978
387	97
95	420
52	192
1086	15
983	410
167	77
35	800
35	802
3	1370
3	1377
3	1376
3	1374
1243	1110
3	69
672	409
507	508
0	1110
95	131
1003	46
95	444
388	195
48	536
1521	13
45	46
383	384
1414	1640
61	816
61	367
49	1259
1073	61
1623	592
35	115
0	195
1582	492
20	1189
2032	31
1747	1764
420	793
34	340
443	3
160	1595
107	195
18	1910
373	5
64	1767
126	1077
3	221
0	1809
15	1957
3	224
66	18
1728	3
1190	37
0	771
5	889
61	1485
186	97
1947	592
863	61
1617	208
46	1967
456	244
1729	1236
914	18
1954	46
1079	61
629	804
124	44
863	18
124	43
26	310
486	44
195	34
486	41
255	46
46	676
833	46
290	875
15	362
15	363
1049	165
97	319
91	1985
253	267
1174	230
432	1768
432	1769
77	237
99	18
230	1898
294	235
91	342
154	504
588	169
136	107
353	3
383	1557
1474	852
1158	26
353	8
102	7
525	19
555	793
1136	169
1615	46
230	857
89	5
485	42
164	165
135	107
20	154
1236	8
692	95
3	1615
3	1616
3	1611
1422	5
869	42
23	175
230	7
18	849
41	1967
144	734
475	1794
1516	492
14	0
1063	41
14	3
593	124
215	275
2020	15
469	16
61	1105
509	59
61	1100
1060	46
1060	42
1391	42
18	2035
34	23
1312	15
267	18
469	1219
3	414
5	1907
267	13
163	1396
163	1460
1236	10
592	365
475	118
264	18
586	3
116	1083
116	1080
1094	20
1032	5
923	15
775	35
432	664
512	513
1877	99
589	475
155	713
563	7
1789	46
384	385
823	5
633	118
162	97
15	884
15	551
269	1047
245	5
372	115
245	8
1910	3
49	36
49	37
49	34
49	35
18	1070
73	97
131	61
818	5
470	20
1363	20
1019	1020
115	171
422	893
41	1403
77	876
126	174
31	1082
15	775
15	776
1414	5
167	1241
43	282
15	1541
15	1548
557	276
1232	388
1131	121
1810	41
70	597
50	654
1604	230
165	710
50	659
256	41
300	95
300	97
41	230
139	97
573	1688
1533	469
556	36
44	488
538	167
1432	26
1457	13
1105	15
1793	597
224	5
230	1953
973	77
930	3
46	197
107	99
23	1086
614	1513
163	940
61	1739
821	1875
246	46
1401	230
18	942
18	946
501	46
18	949
36	3
36	5
1899	167
34	1180
221	26
46	61
242	1984
615	46
105	476
1380	456
1505	22
1084	95
937	20
218	880
3	1398
3	1394
157	84
85	475
95	409
346	5
801	592
1284	527
1229	255
195	1114
1696	18
45	26
38	167
1223	5
620	5
620	0
47	43
47	48
803	629
1110	44
459	291
530	10
1664	124
725	734
1654	13
2031	36
1072	107
1339	18
126	1226
30	18
3	755
940	952
97	77
169	1465
927	107
49	1900
1639	5
1639	0
3	209
361	15
1178	507
115	347
561	10
1166	1147
46	207
15	964
15	966
165	166
46	1941
229	61
595	795
34	415
491	95
772	3
672	5
2007	46
772	5
124	61
124	68
17	130
165	45
165	42
504	218
84	46
184	58
255	26
1012	20
823	504
15	345
48	1955
28	1093
535	412
285	286
127	46
126	697
492	1236
118	8
487	44
118	0
118	3
97	194
371	1493
978	475
99	34
752	5
77	428
719	169
1345	18
1721	5
1413	5
371	1231
26	1868
26	331
525	34
5	1651
115	1315
446	95
1078	61
526	13
79	18
20	172
20	170
77	391
607	5
200	201
577	46
39	524
1731	1732
1396	154
597	42
97	1014
18	206
3	1495
3	1499
144	716
834	15
620	1155
1116	5
1116	3
756	5
1702	269
223	126
692	5
1463	26
3	245
951	5
1653	26
1137	26
144	18
232	1438
232	1437
46	1180
585	44
1976	275
3	439
208	1257
1850	46
3	431
3	924
3	923
3	921
3	1236
68	44
18	627
454	5
68	48
1343	5
414	127
892	475
132	47
132	41
1470	18
144	1034
458	338
235	1639
44	97
44	95
991	18
401	326
259	8
1262	26
259	5
109	72
1912	196
432	644
267	34
1616	1617
267	39
365	353
173	3
15	579
187	107
883	15
198	5
1191	167
310	68
26	27
3	696
36	161
520	116
762	201
131	47
1763	151
165	758
219	97
1555	42
1154	1046
116	171
1604	5
694	43
249	250
49	686
15	1524
1309	46
46	1203
14	15
1932	44
697	5
697	8
5	290
44	934
49	353
647	18
870	46
674	10
64	1044
1764	46
8	329
15	1297
306	15
902	903
1767	46
365	61
26	290
875	5
15	405
64	275
95	1448
46	2033
2012	5
342	1632
2023	5
61	62
264	5
5	1698
504	46
46	230
738	18
269	232
269	231
501	26
1044	18
967	3
154	130
873	952
620	1996
1071	60
290	8
1596	1597
350	5
335	42
1977	5
48	230
292	557
16	269
14	492
80	15
251	77
31	1764
95	175
289	5
289	8
1629	195
61	852
1526	97
23	415
23	410
269	41
597	5
269	49
1913	15
1913	10
116	929
101	5
571	1470
47	68
42	469
231	688
116	1965
36	1315
1282	42
595	1245
1369	5
566	1098
717	1236
19	595
0	486
0	485
256	151
49	169
61	273
49	163
49	160
13	162
61	278
3	1049
97	50
1323	18
276	8
18	453
184	18
1569	39
1592	82
469	172
791	26
41	1672
475	320
1238	1239
495	496
467	3
1356	5
163	1946
592	36
329	38
1301	46
163	196
371	445
945	13
244	16
371	442
163	199
1074	291
5	592
1043	26
5	598
107	1552
107	1551
143	144
409	235
572	5
182	13
10	160
10	163
15	1885
15	1881
46	1077
1433	95
15	322
15	1203
15	327
968	97
1780	5
219	154
127	28
1077	31
18	147
38	8
1618	956
230	1856
5	1756
15	1081
38	5
218	470
20	994
17	1244
47	772
253	0
253	3
420	421
247	39
157	1977
26	353
31	468
3	1266
296	18
70	1886
384	1724
47	486
8	958
41	91
1571	97
20	195
18	975
20	190
1118	1119
166	5
41	36
1719	5
41	31
210	44
41	116
592	731
232	573
417	26
1602	557
2029	169
61	1675
879	167
15	1987
141	269
637	5
154	107
37	20
1198	3
1969	5
34	61
34	64
853	48
1474	15
1423	42
95	231
95	235
175	398
899	20
18	600
18	604
18	605
802	26
39	35
39	34
39	36
946	15
1353	5
141	3
458	1344
3	7
69	44
3	4
14	1917
3	9
135	1217
126	527
15	1854
10	371
192	77
1796	15
5	1034
3	904
47	1074
1231	18
47	1073
61	462
0	838
15	515
290	486
267	115
44	1339
830	5
131	20
317	15
1986	15
1697	595
1517	5
273	18
119	1968
38	644
771	353
49	70
273	13
273	15
438	486
77	833
5	108
645	99
5	105
5	103
34	598
144	8
838	1735
1095	20
1364	44
77	1051
1732	5
268	269
44	919
1818	5
296	190
131	0
61	1359
641	167
557	50
969	26
578	15
1118	97
53	149
1118	95
932	475
1160	5
70	1168
18	188
10	0
34	1233
1047	272
1686	5
838	1178
1552	267
18	985
18	982
10	8
1489	15
1760	18
233	1807
2033	5
1062	18
44	263
39	772
195	1520
144	1224
1206	97
1409	15
390	48
1537	61
675	5
310	486
794	97
46	475
97	1990
134	95
26	1076
838	598
1207	504
39	1436
1866	42
401	1147
16	282
587	5
1990	41
47	1681
1066	3
1570	5
46	20
734	1077
1809	1224
235	469
406	310
5	901
562	310
160	672
977	5
61	878
95	126
74	99
585	1056
269	26
443	26
469	371
1116	22
42	119
61	1082
284	5
920	20
1116	28
20	1431
20	1921
162	2042
20	1923
244	8
244	0
1017	46
244	3
576	46
244	5
3	578
1215	118
1973	18
3	577
74	1669
0	132
340	18
298	38
533	8
656	5
61	259
1632	1633
61	255
61	250
0	1530
126	1067
0	1533
3	711
3	717
97	36
165	124
18	475
184	801
1569	10
1080	5
28	5
28	3
516	3
592	10
854	18
167	741
46	1905
95	42
1811	18
95	41
150	151
1012	702
1507	46
952	5
34	459
131	165
126	1268
131	160
529	46
34	453
285	972
734	535
353	371
1864	1865
46	1014
833	26
15	307
15	302
558	18
389	5
734	797
1040	26
126	659
135	709
31	1103
2010	592
8	1343
230	1871
5	313
253	47
5	317
5	316
5	315
5	314
184	372
1683	95
5	318
44	1670
247	18
139	1156
247	13
144	342
371	1272
207	38
31	409
124	26
1131	1132
115	1352
124	23
1405	13
356	1778
1756	126
34	1006
230	526
1967	26
782	95
42	31
41	10
61	1538
3	2017
3	2016
3	2014
3	2010
42	611
144	752
1200	15
46	741
838	365
692	1072
1681	230
37	47
154	126
847	46
1180	10
1527	26
180	97
8	77
420	26
34	48
34	46
34	44
34	41
34	40
18	661
18	669
95	254
1971	119
48	1424
1991	5
3	1277
3	1274
184	1558
363	235
39	13
15	2034
249	95
925	921
343	344
136	26
218	269
913	46
1394	1915
61	402
1070	592
1307	116
821	157
484	5
3	968
3	969
18	1505
1499	1500
15	539
15	538
162	31
846	862
15	822
26	61
318	97
44	1317
551	169
49	50
49	52
107	580
352	5
492	697
178	26
910	49
353	1925
50	1220
144	116
844	595
486	269
1588	557
49	649
812	218
976	47
139	705
3	386
3	382
3	388
0	677
1891	1180
0	672
1562	963
1016	70
219	504
1874	35
76	77
768	118
49	469
319	5
321	15
15	1780
15	1788
523	39
5	126
557	31
115	662
307	308
526	5
58	801
731	492
762	18
1299	5
1518	1120
1838	42
44	795
1802	5
323	5
845	26
5	1659
1288	20
427	18
384	157
0	1292
1495	97
852	1884
492	1733
432	192
39	1570
36	53
735	46
735	42
584	18
154	605
52	442
1037	597
504	42
821	1360
1562	1563
893	26
893	20
758	245
540	289
994	1249
38	83
10	1152
238	239
3	1040
734	1091
83	125
3	1048
733	734
83	121
693	5
1540	5
469	170
687	46
551	371
1707	18
384	203
1481	46
1056	475
36	339
269	633
1140	18
42	136
42	131
620	1137
1163	46
1074	3
1574	26
18	1194
18	1199
3	553
3	551
83	1170
1545	1075
379	380
388	119
388	118
857	526
441	20
457	458
233	165
3	736
1931	1932
218	48
107	119
97	10
61	231
61	237
218	43
211	167
972	504
8	191
595	952
388	371
846	326
0	83
664	18
1152	165
758	5
1467	1468
371	409
930	26
15	492
95	61
15	499
126	1280
441	82
131	107
1234	1011
165	23
165	26
15	1334
15	1337
15	677
20	99
1157	5
1775	18
48	977
1920	18
20	97
58	1560
20	223
486	762
1045	592
121	5
163	730
582	46
82	47
2000	154
5	371
332	61
371	1254
28	167
620	157
34	427
0	1
0	3
42	52
252	46
1173	36
601	44
601	43
492	923
41	72
1836	1206
41	77
61	1514
941	167
23	5
486	1300
97	1527
1599	1600
31	102
28	215
61	1636
1324	767
761	47
629	1784
118	805
852	233
0	68
37	61
37	64
3	1789
3	1782
1077	5
61	1186
3	1786
1137	46
5	1462
329	1864
906	562
1646	42
3	1527
3	1525
3	1522
68	26
97	806
3	1258
39	70
1044	5
48	1401
1245	26
338	42
132	26
116	1007
116	1008
189	46
469	99
855	595
401	430
26	8
26	7
1509	1510
925	941
26	3
26	0
5	1072
44	1053
457	16
2034	20
1636	46
115	1576
1159	636
360	28
16	1351
61	420
1724	1725
61	528
3	947
1035	514
744	18
944	42
41	384
26	41
1418	10
947	1994
26	47
705	18
190	42
1095	0
1095	3
492	496
705	13
371	678
126	1549
116	445
126	1542
144	136
116	117
126	1546
95	0
77	1011
64	1315
574	8
1075	41
208	1148
1708	10
169	126
1246	18
131	310
13	821
5	1927
430	5
50	309
87	26
1627	18
618	619
8	384
1456	5
300	13
5	141
708	169
5	144
184	163
10	268
665	130
26	235
1006	116
762	35
666	46
43	48
46	116
43	44
43	46
167	151
97	232
676	15
787	788
1352	5
1145	5
798	384
536	5
1110	219
916	5
1853	1178
15	1101
15	112
1421	15
26	1942
713	41
604	534
600	77
492	1717
18	1792
646	26
16	133
1590	1178
456	726
504	28
893	894
195	5
61	297
504	26
195	3
1203	1221
44	5
541	26
44	3
307	121
1004	163
458	34
38	61
801	459
74	119
3	1067
302	124
181	41
471	46
97	1265
8	541
1332	61
310	269
42	155
420	1796
1598	46
39	2023
3	532
3	535
398	399
70	61
492	790
492	793
256	2030
163	1567
0	1711
238	2018
388	172
1572	1573
1494	296
599	26
20	16
1048	144
20	18
506	507
3	289
3	285
3	284
3	281
18	434
1448	5
893	475
1365	18
476	15
483	239
1265	95
35	1648
1858	1859
1441	47
3	1257
15	477
58	1999
15	473
5	20
1727	1137
1177	1178
1769	5
15	25
155	215
131	126
897	5
126	401
685	201
87	1244
48	957
136	1767
0	2009
5	684
5	686
541	248
541	241
948	35
43	692
440	1085
36	713
627	97
46	1637
236	230
592	50
5	425
5	424
5	353
5	423
165	526
1350	504
585	602
34	766
144	307
34	763
50	1414
34	769
64	1125
1249	18
92	1686
15	1357
1210	230
83	44
97	1894
123	124
42	77
499	26
169	919
154	1346
926	933
492	941
50	113
41	50
61	1572
740	46
59	18
919	3
64	1838
1937	39
1785	26
233	50
208	61
1251	625
388	26
46	705
781	150
1989	1466
34	1736
1485	684
1224	410
1568	3
1998	119
492	1361
1814	597
329	319
17	1802
124	118
3	1501
3	1503
588	506
3	1507
3	1509
126	859
14	556
1011	5
1792	26
68	762
39	55
39	54
39	52
1220	1065
1898	18
976	0
976	3
47	1506
235	761
1192	26
18	1162
20	26
1081	5
118	85
119	763
0	1388
144	683
852	23
34	990
1839	5
256	3
46	312
49	95
129	18
49	97
15	1863
18	288
657	3
42	215
542	38
1556	383
20	1738
1577	97
686	97
1121	68
60	644
1313	97
18	1816
18	1814
18	1813
1865	26
162	1972
934	18
15	863
1193	8
0	637
1292	34
852	126
88	89
415	70
5	1944
105	61
35	463
296	131
300	38
777	932
163	586
856	126
825	39
5	169
5	160
5	163
1	2
1014	5
118	107
26	215
67	5
233	171
15	285
15	282
18	126
34	689
50	588
15	1166
46	921
353	61
20	589
1609	1610
898	13
3	12
18	1701
36	13
806	807
549	63
1618	1619
1908	18
539	18
876	118
19	218
26	49
31	388
614	615
475	8
718	18
377	8
60	77
475	5
257	258
2002	973
1203	1201
10	1443
573	1734
469	132
38	48
921	26
74	130
1051	5
4	5
1051	8
1594	13
163	1761
745	864
1945	5
893	61
652	144
1690	26
793	5
3	517
3	514
469	1661
1315	26
272	26
61	1399
454	18
388	150
192	189
1416	46
20	34
1057	1058
50	2005
1413	371
42	353
267	371
1178	1323
26	1363
503	504
70	44
310	39
562	3
144	565
831	61
1922	5
432	433
196	1283
154	42
653	42
290	1310
15	48
18	1737
205	97
15	42
15	43
169	1958
15	41
15	46
15	47
15	44
90	35
15	632
290	653
1794	5
670	3
128	38
39	439
77	1195
122	941
52	46
1351	1430
602	20
253	20
5	409
20	267
1381	36
116	329
116	639
34	219
34	211
126	1973
124	83
500	36
1253	475
15	1805
15	1804
8	229
921	5
83	61
61	1800
219	734
1271	37
242	1003
341	5
70	1004
388	43
99	283
19	20
233	31
1645	20
429	233
15	31
52	1523
7	72
8	1181
817	46
230	231
860	475
1538	13
241	3
173	36
68	1980
119	1097
930	1735
605	5
218	219
218	748
22	89
126	833
3	1562
15	332
3	1561
3	1294
250	251
3	1296
44	1899
1551	26
1570	167
567	5
1139	154
291	1180
800	456
590	61
145	492
16	1646
83	441
151	1441
451	452
328	20
155	50
1557	1495
1110	1145
1244	154
469	470
61	1232
363	20
946	61
196	3
608	26
85	31
46	876
3	897
3	892
1402	41
50	51
169	165
592	3
290	409
41	1997
1367	162
474	163
1934	1935
13	310
107	218
133	20
1314	1315
38	979
150	5
34	2029
231	410
1434	1292
406	44
82	162
833	5
254	18
167	116
46	1409
46	1408
18	107
18	10
273	8
15	1490
1427	46
273	5
15	1494
18	109
126	795
124	169
126	793
302	39
661	767
5	1962
1257	674
15	1635
119	3
579	154
136	1044
452	5
15	151
154	401
15	155
71	46
592	933
3	38
36	38
126	39
20	701
2026	61
690	26
1543	26
31	1216
1345	154
144	530
44	772
1153	1046
716	5
50	870
8	34
8	35
8	36
8	32
561	562
1928	1929
38	26
1586	28
1429	144
469	119
1050	18
814	46
677	447
1852	15
52	203
61	1002
37	0
128	129
384	1991
134	15
1053	15
371	26
289	163
381	3
278	1351
3	1174
3	1176
1916	20
3	1179
160	364
160	363
1081	18
292	5
116	1457
15	1322
1975	3
1736	18
1473	118
48	3
5	1392
44	1173
5	1390
5	1394
1761	409
946	459
310	18
1128	5
1784	1785
15	432
154	61
0	283
87	1144
1384	95
48	196
48	620
5	68
566	1299
15	62
15	65
15	66
5	60
5	61
1994	46
107	172
1894	169
15	388
15	384
975	475
5	640
41	1039
5	642
2028	5
299	23
506	5
151	172
43	657
167	1348
927	495
77	1174
77	1172
1744	46
329	92
520	926
82	20
34	235
1126	97
34	232
82	26
5	393
5	397
5	395
5	394
371	1543
966	26
239	3
515	31
1782	5
34	724
34	727
3	135
3	136
3	133
3	139
239	116
956	15
956	10
84	85
15	1827
15	1826
253	469
601	26
754	41
41	422
459	802
670	169
1625	1624
1401	3
1091	1791
70	1060
184	443
1444	5
229	230
441	3
7	184
441	5
1330	7
171	26
61	1566
1065	10
282	3
167	301
17	715
484	169
1538	37
7	13
7	10
1390	150
39	658
541	41
39	303
541	44
560	46
267	169
47	689
702	628
1669	3
126	210
1619	15
1533	42
1619	18
492	1713
126	814
36	77
249	15
144	1107
1600	5
31	1404
1591	1592
279	5
310	946
5	0
5	3
5	6
5	8
562	20
119	237
119	230
119	232
628	629
433	20
1980	26
1357	504
863	201
8	442
529	119
97	1329
3	1544
3	1817
351	5
3	1812
420	1077
707	18
670	50
3	1818
388	18
126	1696
672	383
816	817
594	20
19	492
61	1210
363	42
157	2028
115	107
837	18
42	255
50	71
1983	5
715	144
124	0
124	5
3	306
124	8
3	304
3	305
3	302
92	1013
684	580
18	550
18	555
290	469
0	363
151	342
1102	5
805	107
171	144
994	97
110	18
1495	184
105	20
133	46
220	154
846	135
364	365
1618	97
9	10
1868	163
116	421
446	1860
46	1138
971	456
43	26
46	1131
124	144
18	165
790	5
933	31
126	775
661	218
661	745
1034	3
15	1618
1389	13
15	1614
416	15
20	890
15	172
15	174
739	1092
118	141
118	144
3	53
3	52
47	99
3	57
259	118
677	1742
349	350
61	1454
1300	3
1677	5
50	810
75	18
492	1517
697	26
688	410
492	1511
1797	5
97	611
18	838
8	18
18	833
18	831
1885	41
1963	229
1885	46
458	95
636	5
338	427
1150	1151
384	1601
1326	41
95	390
150	1783
207	329
8	879
275	46
61	1026
61	1027
61	1025
956	155
1173	267
169	403
165	808
169	401
61	1028
62	63
371	41
235	116
1955	22
170	97
46	533
1477	5
119	196
18	769
3	1159
3	1158
3	1154
3	1153
3	1150
20	77
191	39
1906	13
51	5
23	984
463	5
1871	627
18	492
18	495
970	46
1779	15
175	15
126	1755
3	1060
1914	20
44	1116
18	1118
123	39
70	83
1709	26
18	1447
701	1869
15	417
5	46
5	47
5	42
1643	235
5	48
74	5
1818	970
465	18
1367	18
157	442
23	237
162	5
15	83
15	81
613	118
5	669
994	1888
151	152
1706	18
5	665
69	649
1984	41
1872	5
265	174
2030	167
77	1158
46	1305
492	666
399	47
702	1013
1110	863
77	87
1183	469
34	253
10	20
77	514
13	290
1316	1011
410	47
410	42
843	18
388	8
388	5
388	7
283	20
695	70
1251	5
1431	18
672	42
933	3
1108	169
34	1574
611	172
1335	26
444	26
5	914
74	83
407	42
648	13
70	1046
1376	46
7	163
7	32
7	39
34	1750
230	273
375	160
97	420
119	23
925	70
39	329
492	876
1698	85
501	341
235	59
1647	144
535	561
20	371
22	41
39	1210
126	237
1638	1639
14	244
246	97
2016	46
879	218
52	5
3	534
141	1822
345	5
44	456
44	107
3	1707
83	269
83	267
37	469
44	459
1659	1292
144	1851
1022	1023
214	169
47	219
47	218
1662	5
310	141
17	18
3	1831
3	1836
92	5
83	406
705	97
492	419
155	18
745	18
1930	1931
1214	28
1436	26
169	215
1214	26
42	279
61	1279
61	1272
372	97
1536	504
18	1878
3	323
1918	15
3	329
35	69
1524	31
15	688
47	269
290	440
456	585
294	1842
1125	46
880	18
793	584
85	798
1528	18
517	5
1964	239
218	1652
371	541
77	212
77	210
729	18
179	46
155	353
85	77
1682	5
524	5
15	1459
15	1988
61	1893
15	1457
1236	5
15	997
305	8
633	267
290	917
1033	46
15	999
290	910
926	504
876	520
397	26
290	1140
925	1049
116	898
668	5
15	1679
42	1165
902	1547
15	1677
15	194
1859	15
15	190
97	3
3	73
3	74
336	337
1523	877
1172	26
543	15
46	1118
20	745
140	41
140	42
50	1906
88	1139
222	1251
61	1473
61	1474
351	20
49	229
492	1531
15	1183
167	1687
697	41
492	1539
662	13
1544	46
8	78
1966	41
8	70
1979	20
237	209
18	855
18	856
505	7
439	15
44	599
1878	3
44	230
783	41
673	3
44	300
300	124
17	1588
12	279
956	5
1907	163
964	5
976	469
371	61
1501	5
46	554
1306	154
765	118
18	708
3	1139
1269	28
3	1130
3	1133
3	1132
3	1137
144	1444
1416	26
946	947
1047	13
344	15
218	119
169	10
35	20
20	1307
919	595
237	41
378	126
61	521
305	26
115	1411
822	823
521	5
83	5
485	8
48	663
881	89
606	95
18	1586
61	299
623	847
61	1327
23	255
2	3
800	46
1530	595
921	118
492	1071
1367	5
329	330
10	48
2015	371
34	270
10	47
571	572
49	500
77	1680
3	179
1359	821
3	171
3	174
3	177
46	310
5	608
306	5
26	193
26	192
374	18
18	1740
46	1855
3	1781
18	283
1156	1157
881	7
1298	18
5	930
64	15
64	16
203	97
26	996
119	1212
119	1211
141	284
1352	1353
230	255
97	1818
535	1561
20	2027
1461	61
903	18
39	1237
13	105
222	218
133	876
22	26
207	155
629	423
15	20
282	118
157	895
99	269
44	693
504	1656
15	23
136	858
141	869
136	854
141	863
44	1832
8	1743
8	1744
993	5
418	419
994	1325
1109	38
1820	26
3	1729
1786	5
5	1936
3	1724
37	116
3	1720
3	1723
20	329
533	39
492	90
469	721
1776	1323
22	18
1658	5
311	46
3	1850
22	15
3	1587
155	31
3	413
155	39
1652	232
927	469
1876	154
592	126
527	39
1385	46
14	31
14	37
42	294
169	237
1454	1455
144	1834
144	1787
46	815
3	346
83	1349
3	349
46	818
38	489
18	516
1059	5
1059	3
116	1604
589	235
1030	1031
289	410
215	963
38	266
95	1730
20	1110
165	283
165	289
456	457
169	2026
113	114
1203	16
1566	10
1777	1778
1427	26
235	1760
118	310
15	203
1090	169
47	946
1738	61
861	767
20	506
184	541
77	948
39	286
371	1116
3	98
209	15
432	3
26	569
3	92
3	90
1579	5
912	46
498	39
931	18
383	20
1711	18
82	504
97	384
142	143
68	852
165	5
39	423
61	1415
421	26
640	35
19	42
1118	229
26	384
58	267
97	126
18	871
8	52
1027	5
1539	5
18	23
908	18
18	26
52	262
864	595
61	1063
39	285
28	952
1578	18
689	18
46	571
158	46
774	592
46	574
689	10
18	873
1151	26
1056	504
698	699
8	50
443	167
97	659
