2978	9197
836	2
48	1561
135	16
1372	169
1668	1669
147	574
48	1565
499	2
1417	77
499	8
2814	910
774	65
2000	32
513	514
546	553
245	246
737	2048
27	7
27	4
11	2858
765	11
11	2850
1018	27
11	2857
11	2856
43	1495
43	1491
1561	27
305	48
108	2335
29	129
1754	1755
27	665
252	2176
909	165
2854	2855
48	643
394	6
48	640
891	323
48	645
268	77
327	63
516	118
2414	74
328	138
1704	32
1990	1573
627	169
1639	1640
11	894
60	108
60	109
294	1493
54	165
1537	1023
1354	1459
4	2102
77	48
399	57
108	1151
77	43
4	880
48	69
48	66
1131	243
48	64
111	1648
111	1353
189	1529
189	1520
1167	1489
252	1156
4	2244
4	2243
296	297
1602	48
6	140
546	1670
6	147
2	1498
1654	544
695	33
211	212
2145	2
1332	1318
2345	58
1963	32
1238	32
323	1004
975	147
11	1944
2219	8
11	1942
2215	32
60	13
15	123
580	63
580	65
195	483
8	1900
2346	57
1373	2
1787	385
77	559
143	544
852	1385
2102	121
1681	8
63	172
81	82
63	177
77	2119
1954	785
32	525
1534	48
2480	27
121	1995
852	1567
286	43
393	71
559	443
743	27
621	381
2762	57
639	152
755	27
2	2181
1806	655
137	138
63	31
63	38
63	39
7	123
1965	8
2845	2846
1159	27
1982	63
65	330
11	48
29	334
16	123
11	42
11	43
8	1011
65	849
119	252
551	32
592	593
48	2510
179	1046
969	1651
48	2049
172	385
1498	11
2114	60
2101	32
38	1596
1238	8
459	8
177	704
135	1741
546	2662
2825	1528
38	324
252	152
453	15
216	2
1708	559
311	27
792	487
29	594
546	1389
140	1319
546	1383
490	27
71	2878
215	2935
2483	8
41	2566
1191	945
143	1382
11	2330
27	852
559	2339
145	11
912	8
11	2328
1054	2
6	76
237	129
1519	11
66	143
963	32
750	751
1895	487
48	1731
48	1737
996	997
2129	2130
2881	11
213	214
365	152
234	2
58	2324
845	8
861	853
658	2659
845	6
48	587
892	893
534	11
2096	8
11	406
506	2002
11	401
48	861
291	708
32	866
1671	11
321	179
140	2172
2255	2256
32	852
2647	135
32	737
32	732
1288	2719
739	4
2521	57
48	132
739	2
234	232
4	1909
11	666
24	254
24	252
24	251
71	862
1138	24
323	1635
853	252
209	32
901	902
522	84
1092	65
63	1394
2643	2644
724	177
228	32
8	162
143	486
924	27
8	169
8	168
43	135
77	617
1648	11
77	610
1336	1809
706	8
140	85
720	560
2231	27
27	1810
1016	2
934	1535
2566	2021
95	96
546	1803
1960	467
33	723
33	724
8	1698
1293	323
2305	43
1239	2
871	872
67	990
1114	1119
121	888
183	8
4	2761
108	292
325	326
108	294
2592	204
43	2296
27	2862
27	2868
2239	345
862	1008
146	1841
149	2426
158	64
1353	1354
261	8
97	108
2858	8
38	1357
1064	1360
2671	8
48	1502
48	2704
48	1504
48	1505
637	11
405	165
307	11
2768	385
1195	63
2966	2
375	8
8	1464
32	4
32	6
108	838
32	2
149	152
2464	8
4	2834
11	2785
509	8
477	32
11	2789
129	920
4	1121
466	138
1426	1354
13	1840
48	2138
2383	2384
724	1360
2915	2916
758	331
4	420
55	4
11	2162
11	2165
562	204
25	54
143	2559
465	77
1354	77
1328	27
43	1749
2861	111
252	454
57	524
57	525
546	2055
804	32
2064	11
203	110
2962	11
11	875
322	8
382	177
11	871
77	65
54	149
2268	71
193	1131
1303	1581
48	49
268	4
199	268
252	2114
500	639
32	2031
268	8
8	556
61	123
189	1548
2264	8
1695	318
108	1156
33	110
489	4
2	737
8	559
33	119
165	650
7	71
127	571
1238	11
475	476
346	243
27	2671
179	2831
294	1340
702	32
11	1928
781	268
43	2217
1015	4
11	1922
1643	32
742	454
4	2598
1567	1195
4	2590
60	33
346	70
48	1084
8	1929
74	22
546	66
48	1082
2132	2812
2844	11
964	27
54	850
140	2905
949	265
32	500
375	304
1833	1834
1431	8
4	2971
2279	63
1592	2
2734	27
13	1207
48	1882
204	172
1718	32
1551	129
1048	11
2686	746
1201	556
1557	32
666	8
626	32
553	27
1369	129
109	2963
150	1352
720	199
1167	695
389	237
2658	138
1925	1926
103	71
121	47
63	111
48	2287
48	2289
1506	853
54	701
71	383
24	2633
11	63
944	852
215	1934
1417	8
13	1677
33	1267
1464	1465
1222	32
48	2068
48	2066
48	2067
48	2064
48	2065
138	2372
737	556
204	1257
1003	938
1005	32
125	2946
1458	603
118	48
877	878
1182	4
556	71
64	177
1971	252
1697	13
2426	2
2348	145
969	553
2016	27
327	8
122	47
2371	38
1522	48
127	334
24	1102
143	2511
147	386
812	8
1417	118
11	2315
1168	48
125	2712
531	11
2939	2
306	129
1903	8
1620	71
1007	149
222	8
969	2249
2	1165
602	2370
27	522
1434	8
2911	2912
48	1713
2749	118
1597	8
650	15
963	11
963	13
232	1786
162	1402
16	17
365	135
155	156
4	271
866	57
2	1303
1192	8
2312	32
48	567
364	8
48	563
1675	1676
621	622
22	1314
589	2
71	1105
148	8
148	2
1201	6
79	546
1201	2
71	2109
66	67
66	63
1779	1348
1321	63
48	302
2616	15
2663	2611
2782	8
11	687
11	680
567	27
521	27
524	48
502	27
458	738
844	845
2935	63
546	2424
2914	27
27	1605
2636	8
2776	32
43	114
559	121
152	653
559	129
187	188
77	1703
8	143
785	786
15	1434
34	177
1114	910
2293	2294
817	8
143	355
143	350
2403	2261
11	1044
57	880
118	1002
2008	27
340	8
1628	177
11	1268
281	282
1881	13
11	1593
2321	2923
2006	27
2683	1534
1250	386
2788	229
626	8
1749	626
1403	63
97	346
486	579
1541	48
193	48
1438	11
177	2202
432	1710
43	2900
27	2805
2	2537
140	737
835	27
2153	229
149	310
8	90
1151	63
8	97
48	2723
2349	556
1835	1824
152	881
64	32
60	2572
27	2713
48	1521
152	888
1529	1530
1043	8
4	1325
2184	32
1490	8
4	82
4	85
280	281
154	8
15	2642
1008	1058
365	2939
2260	48
737	945
99	562
631	48
1211	32
781	6
969	963
1353	763
546	593
546	597
65	227
2137	556
813	695
952	812
46	2465
1198	27
514	24
1959	1385
1093	721
1329	27
1555	172
562	229
1218	169
845	118
11	2105
1704	71
57	33
57	32
48	2872
57	39
255	2860
387	8
568	24
763	77
1328	48
381	54
273	274
221	2
2542	79
57	502
138	546
58	52
112	27
1051	812
977	118
1523	1431
58	59
6	986
11	852
11	853
1371	1162
140	1126
2956	193
24	1711
1890	1891
48	21
593	2
682	42
48	171
2525	268
48	175
354	8
48	176
1023	2
48	2331
6	189
1624	27
92	93
438	439
13	216
48	2337
4	2208
877	5
229	129
12	13
601	8
742	556
336	25
63	2180
1998	1999
851	2026
43	889
1238	71
2837	600
346	53
843	2758
377	57
65	2036
2606	4
48	790
2268	933
1142	8
268	189
11	143
11	140
4	1650
22	2529
232	849
13	6
13	4
13	2
2114	2588
833	182
204	32
1993	4
373	318
24	71
685	114
1581	57
385	177
1108	1113
881	882
1125	8
1466	1467
24	519
381	32
649	650
735	1016
237	8
500	501
862	1650
108	319
53	43
1162	8
29	1293
1560	32
1771	1772
44	985
32	1894
1810	11
71	2581
2250	48
716	398
873	785
1812	653
48	2266
732	1067
48	2261
1909	1897
24	2651
48	2191
283	69
349	143
329	556
8	976
840	268
8	970
852	880
406	8
37	179
1457	43
37	177
48	2009
1076	11
5	2713
938	2428
239	2150
559	1645
1869	1870
1140	140
1533	2454
172	695
172	346
1318	42
118	63
118	60
118	67
63	791
304	13
53	292
1467	8
122	29
11	2700
845	776
108	1340
2224	2222
1888	1889
2747	229
27	720
326	32
63	862
759	933
837	108
398	703
1329	57
1119	2
366	367
821	8
1119	8
969	2268
27	546
74	252
32	1794
459	2930
129	2725
1022	194
2591	2592
2394	2395
2621	8
398	836
16	77
1253	27
2042	8
4	705
4	700
71	2340
6	2263
11	2591
109	198
11	448
559	4
11	334
215	63
11	444
725	182
1437	63
724	1137
38	429
2411	2
165	199
32	22
32	21
32	27
32	2206
1491	889
723	346
731	1302
515	1678
1945	172
31	6
67	2871
71	826
994	32
31	8
177	304
177	301
842	843
1631	11
2143	2
330	331
77	383
1785	129
65	66
2308	2309
2086	11
383	48
2679	11
169	1492
506	1535
199	194
152	632
152	634
8	129
787	92
579	32
586	346
395	43
2640	8
8	123
189	2934
1365	845
8	127
8	126
2399	2400
278	48
169	852
2735	32
2154	15
4	2418
2	504
4	2413
131	2264
731	27
2846	8
108	127
163	164
11	1245
206	32
695	138
313	8
695	135
525	43
1617	2801
1635	32
177	2197
482	63
2114	2115
2567	487
1968	541
1228	8
1498	2874
1960	8
48	1294
48	1295
535	199
1460	11
915	24
27	2393
63	307
1277	521
264	152
39	593
179	1699
21	1048
2654	2091
2246	506
97	140
2613	8
32	336
57	1165
19	20
556	32
556	33
1399	1114
149	331
107	32
4	1301
48	2742
1012	8
48	2746
1104	71
32	252
2005	580
1211	2366
4	66
8	1424
149	199
677	483
147	48
1113	479
4	683
8	230
4	1163
2717	77
2388	8
4	2072
2143	386
2969	8
38	1064
38	1065
1350	8
2386	8
169	125
97	1342
1035	2412
27	395
60	1623
969	1481
2168	7
1046	205
1385	215
48	2819
1512	500
1448	1430
57	16
1574	8
1472	11
685	2
2	11
2337	200
763	11
2846	27
546	240
58	74
1848	11
252	414
1597	32
32	285
140	1144
286	8
2810	938
1980	2
220	232
395	2797
4	396
4	394
933	63
1451	8
48	159
48	158
11	2123
11	2122
48	153
48	152
48	150
60	252
48	155
48	154
57	2512
1267	1268
2545	189
229	147
611	664
2903	685
2063	8
425	173
986	987
986	988
76	8
11	832
11	833
2473	48
11	831
11	781
445	8
152	2094
11	788
2109	8
346	33
1014	685
981	8
791	8
1053	264
4	933
71	2573
2370	8
111	599
852	1322
63	2308
11	162
32	1258
714	63
1066	1067
1325	8
48	1008
24	13
2304	11
685	177
2959	8
1097	11
2959	4
1363	71
240	2013
48	2108
6	2114
104	4
104	2
8	1211
587	88
263	264
2030	2
626	71
8	1218
453	8
2684	177
67	890
229	487
1843	2641
135	700
2048	8
2627	2628
1498	32
1462	1257
1068	57
48	2240
1604	204
639	2680
2133	32
177	2050
118	284
152	1435
479	48
48	2961
546	1786
494	2
1268	32
559	109
2832	246
125	27
1079	845
515	57
276	11
11	27
2234	1329
41	200
57	2496
125	1251
1457	63
731	192
48	2028
11	1653
1407	8
2882	148
335	108
8	482
8	489
318	1903
57	2261
131	4
317	63
1351	48
2907	294
889	650
335	366
1966	502
821	33
2736	13
2415	179
117	118
1986	111
2373	27
1407	11
52	165
487	189
402	63
63	515
422	381
1132	27
8	2563
2124	2125
1540	1541
7	502
580	7
1329	77
580	4
1109	1110
11	2356
50	8
650	169
735	2193
702	118
546	2558
685	97
357	817
135	1458
1301	63
57	179
1548	63
742	385
2269	27
582	2295
653	1813
110	173
621	1678
149	2716
621	1672
1143	169
866	867
724	8
29	828
29	285
47	1362
48	521
1995	8
2	48
4	723
48	2968
1992	731
4	237
33	63
243	6
243	2
110	2
1528	2
243	8
54	305
2188	1649
323	4
256	257
2181	152
878	71
27	568
878	77
334	335
145	13
1900	32
1827	48
515	1122
1393	63
41	1353
27	1397
1873	2
4	1960
4	1967
27	1423
524	84
2499	27
2295	63
1619	386
1549	43
1471	284
1742	1743
561	8
2	1692
2	1874
177	323
2743	8
478	57
356	357
1227	48
890	111
189	7
63	1338
63	1339
63	1331
30	27
8	104
8	103
8	100
2429	143
74	1804
8	108
189	2915
57	2213
32	42
357	27
32	48
763	1969
1655	22
741	77
11	1000
785	17
229	32
32	1758
63	2446
189	1063
2471	600
226	2
2	528
2	525
1430	8
731	42
1335	1336
1362	48
2352	8
288	43
48	1736
486	57
2418	67
732	1182
1614	774
1840	189
1665	8
900	118
195	27
368	4
138	1033
48	1906
138	1034
22	1512
330	1896
1050	32
1499	27
2544	2545
1798	1839
119	15
294	228
99	63
2787	199
487	11
15	1030
719	152
234	6
2662	365
1787	931
602	8
4	1363
1282	27
2184	77
2456	222
8	1405
108	850
4	46
71	205
32	238
2488	182
591	101
147	65
2445	24
1618	1568
255	24
969	1719
215	2528
870	71
21	938
4	1189
2204	8
67	1026
2172	6
622	8
138	162
138	161
1020	1021
2051	2
454	179
252	253
1359	32
852	2936
48	2762
2027	1809
48	2769
48	2200
954	2
398	440
48	2838
48	2835
182	1525
140	339
1575	152
381	11
33	854
2	325
2834	677
955	57
57	77
2644	24
57	546
682	215
585	77
4	5
1290	63
2797	1227
786	318
960	961
2131	27
6	232
750	32
1597	54
127	474
860	861
1135	33
1278	63
1135	8
1562	8
97	894
1000	2498
60	271
1255	8
2551	11
44	45
340	603
21	2051
1641	71
969	2093
2899	2613
801	2
60	183
60	180
1787	651
840	204
48	1128
443	84
2	277
1674	1673
48	1120
861	2
1796	47
11	769
2807	8
118	6
345	32
109	22
577	578
371	372
659	8
112	118
48	1025
4	914
48	1029
304	4
8	1013
2932	204
265	792
2407	8
669	8
785	8
764	765
11	108
11	109
1119	71
685	65
186	8
131	99
203	2335
785	6
204	77
470	53
2469	8
165	1101
1767	1768
77	881
77	880
1727	8
77	888
109	2
1727	2
477	15
2251	27
96	8
2031	1022
1712	1424
22	2299
118	732
152	29
2510	32
152	27
8	1230
8	1235
8	1890
2274	111
396	397
1714	8
655	22
48	2220
2766	13
48	2222
63	1162
48	2225
870	11
13	27
13	22
99	129
77	2192
2655	119
2708	786
118	1188
559	733
883	8
2	724
8	932
8	930
1922	32
323	366
1732	1448
8	938
1484	1485
772	11
1004	204
1353	11
449	2647
1144	1392
11	1638
48	2598
152	169
239	204
11	1632
500	1208
48	2597
48	2594
1162	32
2050	32
677	2731
2613	27
1128	13
694	8
950	951
2596	1910
957	6
189	190
177	38
8	2765
96	131
2802	2
2282	48
2126	768
149	2346
515	77
8	1091
2	2908
2	2909
4	1907
8	2815
1059	1060
1001	118
366	143
964	6
533	413
612	27
294	412
1220	15
2412	63
623	11
143	1308
1788	1789
138	287
702	135
2525	52
1446	8
2174	318
736	8
1293	8
2218	17
4	1642
4	1641
1364	345
1820	2
110	199
2167	8
324	13
110	193
33	990
319	696
27	765
33	323
520	8
29	515
985	204
900	8
48	508
48	509
48	505
72	73
574	567
717	32
11	376
1214	165
109	486
2672	2673
71	1164
2636	71
579	580
886	8
172	13
1204	118
38	179
2472	32
1266	77
2091	11
177	127
2	1106
109	732
27	1402
501	8
41	1333
27	1409
584	420
530	27
1398	1326
135	1003
4	2045
4	2044
8	695
2199	8
1402	1555
2	65
71	2302
149	2367
638	204
131	423
67	656
179	2684
1378	204
11	593
1227	27
1649	129
162	1069
37	125
2732	2964
5	895
32	67
32	65
32	63
32	61
32	60
127	58
2169	77
11	1025
229	15
32	1991
961	8
11	1022
745	32
261	32
2	546
2	548
574	2545
65	25
1440	8
1951	11
149	1769
526	335
33	1151
11	1285
129	546
165	57
4	639
77	2031
2724	1432
1632	77
473	2
2731	963
742	32
2259	24
143	559
671	27
559	506
769	32
121	112
32	2005
487	38
685	454
86	27
32	373
15	1053
1350	77
525	633
74	862
2025	6
939	278
695	177
442	8
695	179
1667	1668
2757	8
685	1015
193	2670
591	2134
4	1349
291	209
407	487
4	1430
4	21
1227	1769
4	25
8	1177
1136	118
579	591
546	2428
403	252
972	2674
1918	1919
1285	27
403	11
546	2422
782	48
1306	268
135	136
179	1655
27	1982
2100	27
283	2735
1315	48
138	140
138	147
1774	1775
1343	152
43	1434
940	323
57	700
252	234
58	425
29	1750
77	1633
546	2768
2062	129
634	2060
1573	323
57	54
57	52
733	48
2	308
37	15
1534	365
308	1927
2	305
169	579
264	265
555	433
1340	215
11	2706
1386	1360
1768	2184
27	934
2	1261
992	27
27	241
24	1776
515	2826
2	1264
25	8
1475	2207
179	1871
48	1498
582	2312
582	2310
1930	32
1209	57
1663	11
686	27
28	22
658	499
28	29
730	731
4	684
1641	57
252	905
69	11
48	1148
147	2870
48	1141
48	1142
2537	140
48	1144
48	1147
11	298
6	252
647	179
1746	1747
162	1907
11	292
162	1909
647	177
1268	318
37	48
952	265
431	656
48	260
48	263
2940	1169
966	967
848	48
293	294
48	269
294	1695
48	1003
294	1697
11	125
11	123
933	2426
11	129
332	2
1360	17
762	239
321	322
11	548
2587	32
159	6
2159	27
2513	77
252	2887
852	1585
852	1586
77	866
2719	145
77	862
1327	215
129	221
2475	2
215	1101
65	405
1853	1854
143	294
556	557
1886	1887
1772	1773
28	582
690	2469
2180	8
440	138
189	1450
2904	27
4	2303
48	2203
744	690
48	2207
48	2204
48	2205
2571	852
8	314
1840	4
2696	548
2	952
2958	32
2517	326
143	127
20	2
323	347
305	306
323	341
55	48
2777	11
827	29
125	1219
717	8
152	1297
1917	459
215	1429
52	2570
1765	15
52	342
52	431
63	737
27	2969
678	129
149	2364
1807	1808
111	2743
111	2744
65	1503
111	825
8	2837
46	11
8	2839
379	427
111	829
143	1328
8	913
2748	13
1073	32
1769	2879
2425	285
140	122
927	11
110	204
1827	525
1291	11
1063	8
2945	145
735	812
205	365
48	1799
48	1798
74	235
118	667
48	1797
48	1796
48	1793
48	1792
8	2913
4	1662
125	424
2001	506
123	2793
172	580
15	2168
322	108
617	48
57	1256
129	823
27	747
27	745
1277	1278
21	580
214	215
77	5
77	4
2216	27
52	41
2028	1007
125	390
2438	13
47	108
2636	11
172	32
60	676
1507	204
71	15
71	13
1211	203
812	32
33	2450
206	27
27	1467
334	373
887	177
2194	8
890	487
603	1996
178	8
177	367
33	319
177	365
178	2
2	177
2	172
1071	1072
2780	2781
4	763
2162	27
13	196
27	1686
1246	1247
169	1475
97	66
8	2
8	4
900	27
8	6
390	779
135	2358
847	8
218	32
1167	2
149	1551
287	37
1891	27
1235	720
71	2189
48	380
60	534
591	1410
48	387
8	336
48	388
2248	2
1256	268
1166	129
934	8
945	27
244	63
981	2894
381	366
1043	32
149	67
149	63
2205	32
127	727
1693	1694
252	4
77	323
252	2
255	11
48	1624
58	1801
781	782
22	2488
58	1806
1926	118
165	71
562	121
2674	1201
2953	817
149	1124
2401	559
48	1940
48	924
2031	8
48	922
454	1687
48	1916
4	1875
4	1874
1916	8
39	338
152	1330
164	32
825	204
48	202
417	6
2844	2846
1038	135
1706	1707
99	24
63	7
63	4
1819	2275
247	27
559	2182
995	32
862	8
127	1596
136	132
2295	27
11	1118
415	373
1637	11
365	1880
337	108
135	152
48	1503
809	138
1141	1184
1237	1238
2446	8
1296	685
2896	8
41	381
909	1857
1843	1844
303	32
39	243
41	24
41	27
41	21
1862	65
760	8
65	1269
971	8
355	48
2117	138
118	1412
33	1094
11	1402
33	1096
33	1097
329	252
57	720
252	742
252	215
4	1417
730	63
169	2357
172	118
1977	2274
1232	841
37	38
127	128
37	33
63	945
63	944
6	1299
97	177
27	2223
165	910
8	2136
1137	11
574	375
196	952
812	813
11	2272
2090	63
621	1847
201	189
226	27
47	454
340	177
2241	57
727	534
2705	38
737	1442
1086	2
111	85
41	1814
804	2109
2714	2715
850	53
1468	1469
471	2
881	2003
928	8
48	1163
701	8
8	1468
2909	8
48	1169
21	640
267	268
363	364
432	2019
6	2505
1503	4
750	71
650	2
32	944
1503	8
11	695
111	1241
4	956
2431	346
334	742
41	8
48	248
48	715
1847	1535
115	1666
252	2090
1722	189
1121	8
2009	32
1119	32
77	843
97	60
135	973
290	127
1294	8
546	202
2443	32
27	1140
144	145
2808	1201
1481	8
11	1989
546	1399
63	1293
63	1291
11	1986
11	1985
22	2259
65	421
732	179
2112	48
149	1558
655	63
2506	8
58	140
483	32
2119	556
13	63
1119	138
2584	11
1974	1663
145	152
1240	63
43	768
763	765
57	1866
72	561
4	2390
57	1869
675	169
2242	8
48	2085
48	2087
48	2088
969	32
287	32
118	198
2138	60
543	2
4	2648
48	381
1677	32
591	825
764	44
2565	147
2873	48
1907	683
43	2393
1625	261
27	2941
1798	1799
365	562
845	71
65	880
149	234
2662	229
152	2109
728	729
63	576
29	108
1521	1522
63	572
1726	22
8	2853
33	1130
48	2629
1270	11
2870	67
4	1069
156	157
56	27
750	8
140	148
422	741
2137	32
1819	509
12	667
471	147
2693	33
544	552
748	479
1219	8
170	48
84	2
71	458
84	4
2334	118
147	362
487	129
221	11
983	27
2158	138
2236	4
1481	32
8	809
67	1541
135	2178
109	110
11	2043
47	161
172	57
29	57
1188	42
8	537
202	8
177	169
202	2
57	110
57	441
1783	1784
855	840
108	74
2704	2
2149	239
1504	57
2123	8
149	1047
6	591
27	87
33	378
8	658
33	373
2	111
2715	2
2012	1360
2	21
32	2173
2	22
1599	8
2715	8
6	737
189	1226
6	730
162	1716
13	177
284	33
2595	2596
938	939
97	48
85	577
32	377
1393	87
2716	169
517	518
393	625
2103	71
791	32
60	559
1912	1913
2917	8
179	2973
329	27
248	8
1368	8
118	695
654	71
2731	8
1858	27
111	618
12	71
2691	11
32	1154
38	57
182	27
77	453
1384	27
2900	32
84	11
1391	87
1904	2
625	27
140	969
938	2179
165	15
1375	441
48	905
11	26
48	907
1937	393
48	1215
48	1966
48	1211
2146	48
1185	385
2469	48
621	2230
1026	252
1398	1554
1116	674
2793	13
799	8
8	1351
1845	8
556	108
1493	239
2713	899
2033	147
17	169
406	482
8	1133
1977	32
329	431
1973	1328
2484	2485
97	1771
11	1796
215	2544
27	1947
11	1799
11	1798
152	1319
2561	1140
143	67
720	582
735	736
27	1562
252	768
152	827
63	1439
63	1438
1928	8
48	2113
48	1285
797	169
326	2
326	6
326	8
1212	1213
500	909
37	53
546	1281
154	118
4	2920
137	315
74	655
467	468
66	1777
734	27
1495	1496
2924	32
258	57
2195	57
27	207
147	118
582	2355
55	564
2058	15
644	2423
2732	1281
2402	125
2252	2253
414	177
346	177
2716	32
172	132
71	1080
27	1475
208	27
2775	24
1819	1354
4	919
432	639
759	388
4	2883
8	678
11	256
534	535
2742	74
11	252
457	42
1841	1901
414	24
1397	8
1102	1103
57	1425
48	735
48	734
32	2619
1200	6
162	27
13	1137
162	25
558	147
1570	169
4	422
834	8
109	655
159	32
109	308
60	961
1769	2639
48	226
99	29
13	546
944	301
2897	140
1257	63
2	1971
923	48
822	27
897	32
385	2699
1691	1692
294	1560
11	1376
27	1162
27	1165
1629	32
2631	500
525	969
43	562
705	268
2192	189
77	1064
2507	90
111	1738
2508	1844
2314	8
65	446
1776	8
58	123
58	125
77	179
77	177
2100	1280
768	169
13	48
556	57
2618	32
781	487
647	42
852	785
32	1830
321	27
27	147
732	733
2261	383
498	499
270	8
410	27
1763	169
165	702
208	8
2651	32
127	681
948	949
969	57
252	13
1956	1957
11	1309
125	1702
11	1300
2314	11
43	90
146	145
720	152
111	403
8	1835
8	1837
8	1836
308	758
365	546
1196	386
178	11
142	76
2493	1281
149	2326
845	58
32	454
2	2476
205	143
39	1096
1164	8
143	162
292	32
138	737
292	34
887	33
74	418
2631	1266
48	2607
1144	2194
412	413
63	591
1469	1470
1179	27
1503	182
600	27
2659	41
143	1369
2847	32
1162	118
2	2694
65	2675
11	225
2613	43
374	969
251	8
2972	172
4	1625
1338	118
2287	2288
555	556
893	32
826	4
1452	8
71	471
2621	71
135	342
10	1140
135	340
57	682
2580	1382
2220	71
125	2425
74	784
1898	1861
29	71
125	2429
11	2027
65	146
2729	1119
386	4
143	2430
1741	1460
172	77
47	147
2913	48
199	147
177	149
215	169
8	514
8	515
8	512
2	285
1410	39
323	2653
24	2
189	202
24	4
1574	13
162	1883
70	32
789	63
162	1888
557	8
27	694
4	2021
546	1498
2800	63
2596	57
2401	2972
2079	1360
27	65
2908	24
248	32
27	66
700	22
192	685
454	48
454	42
454	43
11	2538
1596	1892
285	27
162	1778
229	600
2317	8
2759	2760
8	189
8	187
8	184
8	182
149	1515
165	138
48	1644
48	1641
2647	15
1230	6
664	27
27	1315
2221	32
2608	32
67	68
43	950
67	60
48	1126
4	855
2156	118
2	1560
602	2777
177	853
862	118
43	432
301	802
639	2635
77	365
48	699
376	1912
149	22
149	27
359	32
284	53
182	48
448	48
32	1135
15	12
1339	42
204	546
1237	1977
173	204
914	2
292	329
165	32
165	33
48	1236
48	1237
143	2647
51	11
2831	580
48	969
252	2901
2833	4
48	963
418	125
1019	8
13	732
2884	8
1920	27
13	739
236	8
2611	77
2598	32
463	870
1058	71
57	1187
24	2776
1053	1785
331	231
77	586
737	1257
1732	182
43	152
602	71
1538	1539
189	449
115	1364
124	32
1262	8
2785	2786
2687	27
11	6
252	34
8	1480
44	1149
138	123
2866	111
546	2443
153	154
65	926
41	67
1475	944
27	1963
619	668
33	1327
786	65
2557	229
33	439
8	1596
2111	8
1535	204
1153	301
252	701
1673	8
58	486
2628	118
2869	252
193	4
677	6
27	442
677	8
39	393
39	392
147	280
1217	8
584	57
11	2238
2242	32
22	1489
632	2
179	278
173	63
34	57
2813	2814
1474	27
1442	2114
459	2910
22	405
48	1433
149	2638
233	8
110	1135
398	199
32	189
71	1065
32	184
32	182
905	57
2043	8
2433	115
1426	11
285	48
946	15
1251	1252
4	623
1453	8
1375	25
11	2499
1126	1127
11	2943
129	2570
2413	2414
32	986
192	48
290	8
2726	8
11	277
894	177
27	229
48	750
334	707
48	755
48	206
48	757
48	756
239	27
71	2007
11	182
129	41
11	189
129	48
284	8
559	852
284	6
2964	8
32	2664
67	185
38	678
178	16
1809	420
854	129
246	4
58	1168
1095	13
1871	2114
2462	63
776	27
43	234
2450	2451
4	995
1777	15
169	111
934	47
2827	502
106	8
58	109
27	2226
287	1862
1555	2212
670	671
546	1723
8	377
1627	27
2	934
1273	8
1045	772
115	673
2690	215
11	1321
11	1851
1699	204
2578	67
1279	215
4	2685
973	215
798	8
587	27
48	1391
48	1393
48	1395
135	2799
902	43
48	1398
1114	365
39	149
48	1375
1485	2
1485	6
4	1615
427	63
845	32
2074	2075
2523	43
420	11
13	1511
1323	148
1470	1471
2	2450
63	12
48	2669
2855	2
1165	8
48	2661
285	318
600	48
110	268
667	2028
2080	32
2754	32
182	118
58	2059
579	215
2114	8
1395	27
1465	1466
127	1948
322	33
322	32
1456	8
120	63
504	57
136	963
125	2453
2579	2372
71	499
8	1679
658	27
525	526
1940	8
203	58
2668	48
8	2893
1639	2577
1594	27
77	1827
687	58
111	2329
2551	365
111	2325
252	515
42	143
685	33
768	483
308	4
108	39
199	129
42	149
2572	546
215	147
2524	32
2355	11
287	8
2089	8
287	2
11	65
46	1373
316	100
27	48
8	2326
1943	11
27	46
27	44
11	2000
21	294
21	292
1221	1222
393	443
125	2403
550	11
46	294
1752	1753
2647	32
710	2335
134	135
1151	237
2	1094
1042	244
342	27
1584	582
2789	721
48	1665
2040	138
48	1667
2470	32
1152	152
33	2344
1862	229
27	1376
1007	58
2175	32
780	32
872	24
1552	8
2273	32
12	32
154	32
2661	209
1791	4
135	2898
653	32
1500	32
27	2489
182	63
13	138
2519	365
2447	169
8	1380
1588	1574
756	321
48	1253
48	940
265	2
265	8
27	1595
32	367
27	1591
919	11
27	1599
667	619
54	192
67	43
2138	27
1187	845
189	2820
146	1129
582	57
1787	32
420	322
420	321
1114	71
953	318
203	252
6	2
379	11
6	7
6	4
6	9
48	1167
42	43
370	138
48	1877
29	1421
42	48
2017	712
548	549
61	2161
268	48
48	2474
328	685
1498	301
48	2472
515	516
723	6
229	194
2166	2167
4	2547
116	11
2457	147
312	313
41	148
365	366
11	1461
2164	11
2528	22
695	243
732	1780
2325	138
712	48
449	1433
365	70
1272	1128
365	2736
811	4
33	1871
2302	32
594	1437
505	431
138	261
182	853
2190	1697
252	1840
1698	37
179	294
179	292
21	8
2	2157
175	8
1646	58
386	189
2842	2843
48	1417
1542	8
48	1410
1349	1350
1243	1244
252	182
8	1477
1194	1195
2210	169
2568	11
74	334
850	32
1257	32
624	8
4	2966
1180	27
182	1853
29	677
2842	2849
367	2
401	402
367	8
1148	8
1164	1114
515	573
909	11
125	255
2323	580
315	32
71	1623
2024	152
248	1457
2020	1380
1443	8
58	2564
933	8
239	48
48	778
60	928
1303	577
2600	11
48	772
593	71
48	776
125	2216
99	559
1377	138
27	1745
252	52
684	685
71	720
33	258
773	172
4	604
1340	2
978	979
4	608
1826	1477
1454	8
703	346
128	48
795	796
783	8
2321	2593
43	219
2197	32
2095	2096
1009	118
934	29
15	879
1601	487
2657	8
169	131
13	2405
13	2408
189	896
2010	32
32	1304
66	1382
1682	32
2	403
87	32
1146	1101
2276	777
4	2660
825	27
1596	2507
701	318
1869	2481
53	192
11	1878
11	1693
2353	6
1582	318
2489	1417
621	2621
2950	2951
58	2866
198	974
84	140
1984	129
1664	6
588	589
2821	2
147	431
77	135
60	546
13	653
1288	13
2368	4
590	579
22	2630
48	2391
48	2394
1396	48
845	11
365	582
2229	8
97	599
603	4
591	677
737	807
1571	8
1793	27
58	383
1758	48
577	248
852	1238
2772	32
2968	27
1148	11
22	1788
4	1008
108	261
2011	2012
2598	118
71	129
123	4
71	125
1409	48
2083	71
1422	27
559	2332
348	32
135	41
933	177
65	240
550	551
65	242
71	1453
71	1451
71	1456
71	1454
1421	2464
169	737
921	32
2	579
862	1007
613	11
38	71
179	2762
74	109
63	1860
2727	32
43	1682
690	252
1988	11
29	33
1731	27
8	806
8	805
8	555
2	248
2	571
1913	63
74	1305
2	241
189	240
2355	32
552	63
169	454
2384	8
235	147
24	1012
24	1014
238	53
2876	63
646	626
33	398
27	21
177	29
27	22
1007	414
956	243
1750	8
2157	582
1563	2
143	1271
2322	2323
1658	24
601	1046
1276	147
111	146
476	27
1670	8
48	2562
48	1609
48	1608
237	32
48	1603
1338	2
48	1600
48	1607
48	1606
294	1933
1919	6
161	1180
194	8
27	1353
6	579
657	32
1417	13
1981	1982
502	326
658	2
2895	27
4	818
136	1576
645	2297
4	812
11	536
11	533
32	1463
22	1209
720	63
367	29
653	57
503	2
6	756
6	757
15	52
15	57
1352	63
165	685
32	647
1049	1050
735	2975
48	430
48	431
48	435
252	2276
199	11
920	4
48	1277
157	782
58	1554
24	458
852	2188
24	454
758	13
2623	8
2611	32
329	41
329	48
2041	90
43	663
1678	580
97	57
483	8
1152	8
852	2183
1167	1417
2277	969
406	428
2963	63
500	24
1359	8
48	343
13	385
506	1623
1694	2
2185	556
2007	2
8	238
48	1859
1437	2153
42	63
2306	84
546	2952
27	1924
601	74
27	1921
436	2
559	252
683	24
33	478
203	109
777	111
63	1791
8	2643
388	32
305	172
2974	29
169	4
2294	32
1142	77
204	2565
1511	8
1364	845
2427	177
140	1112
909	820
845	169
365	1807
2	2822
991	8
79	80
215	1654
48	1977
81	395
2594	27
2191	77
111	2359
22	628
252	1862
22	196
43	2818
177	2531
1734	2
155	862
2941	8
292	722
732	33
1983	1984
2947	57
138	431
2771	32
737	146
1535	248
824	2149
111	2156
2840	8
651	652
48	1474
48	1475
33	1726
2213	499
182	2657
2309	8
4	1766
2508	2846
208	32
4	1762
22	1197
39	41
765	8
1096	2
108	2004
1096	8
1034	1292
1319	4
27	157
27	407
33	890
29	384
248	2895
2678	8
2607	2608
1475	1476
431	323
678	1359
11	238
11	239
119	950
11	234
11	235
2545	243
152	2974
1199	140
1137	1138
2609	63
177	243
17	63
577	556
495	2073
11	907
48	2928
140	1380
487	63
129	4
33	278
65	717
65	714
65	715
652	48
1684	204
57	365
1650	969
1967	695
11	492
71	1006
11	494
63	1216
85	24
85	27
179	39
409	323
48	121
587	720
635	11
2	2533
2405	11
2328	111
2803	2804
1205	27
239	63
178	1061
4	484
242	11
15	852
47	935
1606	1164
1156	200
641	642
768	1492
1803	853
177	934
687	6
1576	8
1458	2520
825	43
2878	32
1876	346
346	515
562	2421
7	8
2432	17
461	27
1480	1481
2011	1562
280	8
11	1811
248	845
1030	11
656	8
1824	8
15	1483
1261	204
13	1080
2629	27
8	1850
1033	32
506	2521
27	358
4	1994
268	546
454	1010
2073	48
330	495
331	57
2173	129
302	27
22	2614
537	538
1026	316
1661	32
2860	2861
15	147
13	1555
3	27
24	152
591	204
152	1545
735	1144
718	843
4	1576
4	1577
140	36
140	39
752	27
121	543
1672	1673
199	8
2	2582
80	81
129	886
658	63
284	179
1034	1198
284	177
57	995
1028	8
58	506
58	503
48	2118
2049	77
48	2110
2	266
1573	2
682	4
2639	11
1844	1845
205	949
1140	48
2065	8
2868	1844
435	2516
546	2154
177	650
454	744
329	720
1165	1166
1534	108
67	1327
4	1684
214	1046
1850	1658
146	365
2	192
4	2080
2450	4
974	8
2	198
2601	63
149	1862
2029	204
169	381
147	502
1153	71
1100	8
192	193
605	27
454	25
48	1590
48	1597
1283	8
20	21
329	2195
2	1059
2	1057
2	316
118	238
48	1625
1489	1152
48	1627
48	1621
48	1620
2558	8
2589	29
237	11
71	8
1417	32
1083	182
71	2
2271	15
175	27
71	4
70	54
57	1582
365	38
601	1448
318	27
1776	48
4	344
27	1254
4	340
4	342
1169	8
13	189
2	1272
4	839
1870	6
48	183
27	1703
121	2103
1415	1416
2936	32
1367	27
11	558
1083	2
1322	8
333	8
179	3
71	685
2730	2731
956	29
199	32
2478	2479
2301	63
90	48
968	21
48	989
48	459
252	2211
48	981
48	983
48	984
1797	11
48	2622
1281	32
459	481
1434	48
71	978
1117	11
8	140
67	83
655	4
111	112
2104	11
1114	32
82	32
112	8
152	768
63	1025
8	210
2486	2487
8	215
1075	880
100	138
229	199
995	199
548	48
48	1832
938	1148
1327	60
48	1030
852	1198
11	1718
601	11
189	1661
2732	13
55	244
1303	11
2021	71
407	15
323	63
2700	2701
1539	48
132	8
331	2836
8	2624
695	204
1546	204
179	127
1041	650
63	477
2828	48
1034	21
424	8
2465	2
1034	25
735	388
2	2809
1447	938
149	1054
2	2807
1807	1297
111	900
1461	32
4	357
8	2195
48	2568
2356	1749
1649	71
22	1421
101	27
108	690
1647	111
282	140
2905	1704
2361	2362
2500	2501
2	2114
145	1009
48	1452
1145	1146
48	1450
2354	8
48	1457
48	1455
479	1114
604	605
4	1749
1156	38
32	129
8	1715
32	125
71	1555
32	126
1257	77
234	1788
599	600
27	172
1008	32
27	177
909	54
2452	138
2	370
147	2362
360	71
2085	237
140	2290
1999	8
8	454
533	63
27	286
8	452
8	458
2460	2
189	162
980	32
852	12
852	10
318	29
2030	323
328	32
27	1700
11	2655
1057	4
71	768
140	366
108	109
1450	11
71	766
48	2904
48	2907
1744	8
546	1310
329	118
4	648
1615	900
13	2393
4	136
4	641
4	642
316	11
4	132
11	969
1634	323
11	962
2536	2
1358	1359
64	2
43	252
64	8
169	172
57	2114
67	294
67	292
2249	8
252	2040
268	1257
60	477
2680	27
1524	189
621	2190
189	1498
2	1646
2	447
1053	1046
393	8
562	2114
241	32
2432	8
43	2
152	2882
43	4
2136	2137
27	2500
11	1555
43	13
77	2463
2586	57
11	1263
1565	1195
35	1023
2570	2
48	845
48	844
1072	2
2479	11
48	1332
24	821
818	11
32	1346
2791	27
933	27
545	8
858	859
591	592
125	857
22	2676
2	2349
1633	1165
2943	48
685	530
1288	1441
93	94
1397	526
601	138
11	1386
11	1838
78	79
118	138
71	162
365	1306
2529	700
938	52
2330	582
690	32
690	38
1281	2733
546	2561
127	1706
57	818
328	706
48	2356
1432	204
8	27
8	24
8	22
2241	27
1938	1939
202	32
8	29
8	28
38	33
2872	66
271	32
48	2687
737	2921
11	1527
63	1795
169	771
11	1528
639	640
48	2196
783	77
1651	27
8	594
1140	63
8	596
1151	6
737	405
1215	984
373	57
2	209
8	1046
791	365
8	848
48	2493
935	933
8	846
935	936
177	2948
2920	2876
1053	29
689	48
1508	42
2109	1678
1898	1718
2162	147
27	619
27	345
27	616
719	27
463	459
111	240
2765	33
639	2953
2722	2787
435	8
22	1656
60	695
2543	27
2539	2540
138	65
568	6
823	32
219	2
219	6
2763	32
1596	782
4	587
4	583
1400	63
969	2399
1736	24
1616	27
700	8
74	506
1678	27
700	2
772	200
765	63
2297	27
897	365
591	1103
2577	32
2070	15
32	2083
57	443
4	369
580	581
1243	1510
2838	27
48	611
48	613
60	862
327	32
327	33
2650	24
5	71
32	1421
11	577
952	695
1621	11
48	475
41	1020
1192	1201
90	65
189	995
1159	152
204	1508
3	6
71	952
1932	1933
887	143
1319	1408
54	135
27	1334
1586	387
582	32
362	268
831	8
10	11
1114	13
1114	11
63	1003
2665	8
2670	27
145	228
2940	2950
48	1338
97	695
8	275
8	276
601	32
2052	2053
169	969
524	1690
57	2903
11	1739
818	1135
2289	811
502	1630
721	38
48	2724
294	145
1069	27
2369	2
1790	27
294	149
48	2729
182	834
1394	15
1813	63
8	1955
1376	32
775	8
42	1584
1142	32
63	454
619	32
8	2605
63	189
2	119
2343	1222
118	897
2	2753
2867	27
680	27
1141	1142
48	1815
2437	2427
63	232
48	2543
200	327
714	8
328	2
963	8
333	842
1748	28
1101	1161
1101	1162
751	4
1773	8
63	65
2853	177
4	1231
546	734
933	292
66	554
57	1335
32	108
27	111
85	8
8	1774
21	54
1007	2833
1007	2832
179	682
1860	48
1047	8
71	243
143	2023
65	1841
2973	1101
13	179
1690	2078
252	129
252	695
179	1276
27	1279
1450	71
1150	318
1642	1643
650	268
148	39
148	38
140	1341
559	1432
148	33
148	32
4	115
127	252
67	109
899	2715
323	742
194	63
903	2
252	346
2617	27
591	2460
179	74
875	27
27	804
27	808
383	2
1524	48
599	880
71	2081
8	2228
328	11
410	1961
1428	27
1340	140
8	2139
48	287
48	286
1007	1022
2767	546
38	2938
147	837
65	2691
1112	8
1531	8
77	261
111	712
27	1181
2485	4
1025	77
22	1384
1726	57
2532	6
2933	8
2573	2574
1522	204
65	2439
32	97
189	2654
8	1524
71	2620
2491	8
48	1319
1757	579
541	155
63	2583
48	869
48	866
48	1313
48	864
48	1317
13	614
11	631
1101	48
13	346
2187	852
2278	2279
259	11
818	32
1295	27
629	2
108	1981
484	11
617	172
8	2960
1960	71
149	818
1768	963
852	1296
570	11
1879	8
559	192
1336	57
8	1541
732	1088
1756	677
71	147
2175	2162
1917	521
1127	1128
140	71
29	1344
1887	27
48	2376
48	2377
27	1868
2082	172
2711	8
1382	443
2632	24
48	2378
48	2379
22	2126
334	2
1492	118
198	487
2140	27
334	8
1313	294
943	27
152	2589
58	231
2091	8
29	1691
362	8
48	2151
48	2158
362	2
2477	8
110	1831
1721	1722
179	681
1847	1848
2	228
8	863
2	220
1207	8
1060	129
1917	11
1341	32
504	721
127	393
135	23
27	320
11	2106
48	2354
138	41
1153	32
48	1556
138	48
48	1552
390	391
11	2089
1416	32
149	48
1081	27
308	2350
774	57
386	48
1979	13
1729	1730
493	11
90	189
315	2353
392	393
737	1292
192	487
1796	388
546	508
129	2327
2660	8
48	2875
1970	4
765	43
765	42
1184	373
323	38
1254	274
816	169
323	32
123	22
2827	395
48	670
38	1324
135	834
48	677
91	27
71	2431
48	679
4	305
109	228
38	1320
720	84
1471	33
1328	47
1354	27
474	65
962	963
177	560
458	427
497	731
2171	140
41	1008
48	497
48	495
1679	48
4	1898
1281	77
318	125
24	346
909	2637
4	1897
909	2632
54	119
2723	8
1825	1826
43	600
57	2092
8	781
8	782
48	99
48	98
1572	323
268	111
252	478
1333	321
546	2030
10	32
67	2580
862	933
1445	71
162	634
6	111
859	32
1430	367
21	1026
47	685
8	255
8	252
2839	365
2752	24
22	2461
2320	1222
695	65
695	66
79	129
11	1973
11	1972
33	54
580	33
1260	2
1266	1294
2890	27
757	2260
852	136
1042	2114
431	11
60	48
591	969
294	165
69	1908
60	41
1834	8
323	1581
2257	32
121	919
1142	11
1822	27
2265	172
603	32
179	165
1069	1070
1337	63
685	182
48	908
2088	11
65	983
65	984
149	655
1857	1858
1151	4
136	1228
149	125
2463	138
191	8
393	48
235	42
129	1167
1036	8
8	591
182	2124
8	1288
22	35
595	8
1223	229
1195	8
1251	15
8	2955
63	48
2435	6
1370	2
320	321
63	41
90	1568
389	248
54	1092
4	1255
2092	172
4	1704
228	215
827	2
593	8
681	110
897	177
32	169
57	1316
238	346
27	135
67	559
33	1563
33	1566
179	1071
2212	11
2423	546
420	8
231	6
449	381
1423	8
549	550
189	2881
1463	584
982	65
104	1361
65	1863
665	11
1454	11
8	414
118	11
311	74
15	4
1351	177
465	8
1354	8
2740	470
48	2944
1735	129
67	127
27	791
33	964
48	178
24	1153
2011	67
252	362
8	2227
1007	393
500	410
4	178
681	149
27	1490
11	2473
2976	63
11	2478
1512	2245
24	1336
189	1983
889	2848
559	38
443	1114
27	868
1803	77
316	229
2138	8
48	1764
1177	129
1673	48
1231	6
6	22
125	2292
146	6
146	8
294	42
109	1785
177	953
1458	2810
2695	32
243	13
1696	135
502	53
4	794
4	791
1375	1352
1906	27
27	2542
1385	71
77	205
27	2544
587	1007
59	15
11	928
11	386
179	54
11	388
776	42
1331	934
85	42
1025	57
1297	29
2562	32
189	2636
228	63
1029	32
2067	8
48	1374
48	1379
2719	129
852	1723
1911	8
48	803
747	748
331	37
48	804
24	758
71	856
397	32
11	659
2389	8
2564	2565
11	653
11	655
129	1370
291	149
60	4
60	6
884	885
746	4
24	138
1210	8
58	1239
118	179
383	32
1871	65
653	654
1420	714
48	1998
27	1843
347	11
2363	700
2454	2455
48	2314
57	853
131	964
2036	2037
21	1761
169	1136
400	11
33	774
4	2486
2	590
1044	244
198	467
2852	67
8	63
1170	1171
8	67
8	65
580	647
189	717
1458	8
1108	724
210	2
1483	2
1289	8
482	11
969	580
553	8
4	2732
4	2730
843	2
8	887
8	884
149	695
2859	13
172	1073
2243	559
13	2104
8	2033
8	2034
193	32
125	981
128	152
202	71
1151	32
763	6
763	8
1124	1125
1829	204
2812	8
2	2079
2139	111
33	1046
423	125
792	194
719	63
48	1573
48	1576
515	731
252	134
63	2812
405	406
737	915
48	1681
48	1680
467	1462
48	1685
1613	719
112	77
48	1689
600	1434
4	1114
621	405
1353	717
4	1119
584	2
897	898
71	1239
27	303
27	659
2467	32
252	2416
25	27
2783	63
1298	177
48	657
48	122
1308	8
398	1769
48	653
2428	118
2106	8
846	57
2961	1718
204	852
48	2889
145	657
145	656
2087	8
896	118
271	272
2262	63
189	956
294	1315
2162	8
60	179
60	177
222	27
203	149
2824	2825
203	145
933	2388
2	604
77	58
643	644
1905	63
888	63
48	70
571	561
2015	301
420	386
252	1143
6	135
1025	580
138	458
2144	785
2055	32
695	41
33	160
2013	2014
2641	177
695	48
2545	118
125	1803
204	140
60	65
1171	8
511	8
60	63
8	1917
857	27
479	61
138	4
2520	229
1689	32
2784	11
1309	546
1286	8
63	141
63	140
2114	2571
640	739
724	63
11	1427
90	525
2	2247
834	43
286	57
29	179
284	410
766	767
1212	1721
386	125
34	4
2912	8
63	24
58	2937
1039	10
1105	2
410	121
7	135
277	27
845	1366
366	1280
234	48
54	55
4	1276
11	58
32	143
11	57
32	140
11	50
11	53
11	52
2440	2441
1958	48
139	32
2132	1083
39	603
48	2055
48	2054
2313	111
484	1176
21	13
7	685
21	11
48	2509
48	2508
48	2058
2161	2162
2114	71
2114	77
1778	71
65	1802
1685	27
8	438
707	42
252	165
2376	6
323	2137
733	229
118	37
2746	11
2030	13
192	239
11	1907
559	890
2055	8
2237	2269
24	1139
6	450
196	845
6	454
108	135
2382	27
1617	8
67	144
294	2599
142	1183
169	229
531	27
841	333
8	2209
4	152
4	154
2331	32
21	823
1435	1436
27	516
27	515
2	1191
2179	542
2498	8
35	36
6	48
178	1573
48	1748
60	365
6	42
6	46
318	48
365	145
27	1238
318	43
155	189
1346	350
1815	77
2	1375
110	42
1964	204
252	838
580	179
2121	11
346	591
2653	2
685	939
172	8
2076	199
395	32
172	4
987	177
1352	1510
48	822
48	356
48	1358
48	825
48	824
48	1355
48	1354
48	1350
48	1353
1528	32
129	177
11	676
4	1917
11	2942
1319	1855
2614	2596
2268	63
2647	323
165	415
67	2436
472	199
497	41
60	1336
1612	1613
1950	963
11	1893
58	1744
1605	8
228	46
43	147
2290	2291
228	48
97	393
27	1823
32	1902
11	1098
559	334
48	2338
2143	27
720	534
239	466
11	1093
11	1095
131	906
2232	8
722	4
1891	8
48	2268
11	2523
1247	24
1153	204
1263	6
169	798
13	2062
58	278
43	621
11	1231
11	1232
11	1233
57	912
471	32
48	2199
1243	48
644	48
4	2751
193	11
52	277
414	580
200	775
53	308
53	309
2922	15
111	2678
8	43
8	42
2	2740
8	48
1788	807
346	179
135	1690
1103	24
179	1553
33	1068
1543	2
2496	2497
1791	386
2207	2
2281	2282
2645	27
2266	2267
880	179
1226	8
135	186
2585	32
69	8
4	2808
172	702
984	2
57	268
546	236
546	547
101	102
199	2719
169	22
4	1132
4	1134
177	152
969	933
2619	71
43	1487
57	1509
419	420
57	1505
57	1506
248	1550
1442	8
27	672
1442	2
995	8
25	48
1440	27
2957	2958
1536	1599
1366	199
48	101
2694	43
48	106
852	2732
1354	67
1713	8
1704	27
67	682
546	2047
804	43
11	883
27	1000
782	4
11	887
71	2631
268	667
179	2828
1877	11
500	1911
38	1917
2586	2867
1174	48
888	43
454	861
4	2116
77	71
4	2114
399	27
573	27
2155	2
1342	1571
1556	108
48	50
732	2
2285	24
77	182
2014	8
32	1596
32	1227
232	236
232	233
4	2234
44	32
576	577
1961	27
587	294
277	8
229	119
229	118
8	294
1303	328
8	647
571	44
819	32
575	487
34	2688
2005	6
2202	2
2512	2513
11	1930
334	33
546	1036
346	65
346	63
8	1938
2535	58
1312	2
8	1931
138	1501
200	48
580	432
34	2356
1656	27
64	27
700	13
32	515
1587	27
416	125
990	4
13	1270
2251	57
1175	1176
385	140
546	2277
2801	8
1953	8
152	1200
1154	48
125	686
668	48
122	8
735	998
8	1246
2	2198
8	1242
8	1243
135	758
308	27
1187	1756
1079	2713
2466	2467
48	2295
1509	32
48	2298
54	713
821	63
1769	1770
11	70
11	77
1151	695
721	32
1382	720
37	147
15	172
21	38
2600	2959
909	8
60	1040
1144	1307
621	21
48	2074
48	2077
39	373
1558	1559
167	8
143	2046
1589	6
40	41
118	53
118	57
1383	6
1084	11
731	453
252	149
2195	2258
48	731
60	1596
546	933
2792	32
122	77
304	63
198	199
33	292
1021	147
405	32
33	294
24	1114
2057	27
2019	2020
782	546
1460	1461
8	2268
1053	2155
8	2265
379	495
1418	42
1408	8
11	2305
54	1697
11	2307
27	532
506	147
1864	8
6	65
1387	1388
147	621
48	1729
510	27
963	24
2533	29
2427	935
196	866
554	8
2495	118
866	63
981	559
1896	27
1203	27
1819	956
111	776
502	8
503	2967
147	418
502	2
2234	2243
15	2587
1855	90
1686	32
155	307
1776	2
1821	1822
71	2131
66	77
66	71
2181	32
852	1768
109	742
48	379
48	375
48	371
129	115
32	1695
1264	739
4	1935
110	63
880	48
621	2114
1025	177
243	58
388	77
1229	1230
279	52
27	1612
27	1611
2375	2376
57	7
57	4
912	11
630	32
2753	204
8	177
77	2144
232	395
468	469
502	323
43	120
43	125
11	4
8	179
2094	11
43	969
278	13
22	2145
662	43
108	113
33	1026
997	27
1603	503
108	119
108	118
29	2181
58	252
1198	32
2709	1360
1187	1329
1233	268
1535	63
704	57
1497	43
11	1217
1120	77
4	2771
143	2767
1425	1243
279	1494
140	98
2217	8
8	2070
33	1910
1692	685
2625	118
71	78
140	746
508	27
119	47
2799	6
1151	71
2141	2142
65	1104
1949	48
22	327
514	32
2272	2273
33	1007
616	617
71	70
839	11
2675	38
1489	182
4	1333
2344	57
8	1475
1187	380
71	252
1370	1371
8	1478
1871	653
1535	786
909	2844
2378	8
849	29
4	2823
2706	57
2378	2
169	48
11	2790
11	2824
11	2795
1562	32
1106	4
1933	63
147	8
1716	1717
2518	2504
140	2374
4	1153
2238	2114
161	816
65	290
135	46
876	32
1361	29
1439	48
2142	27
869	2121
109	533
33	1
33	3
1847	27
398	145
48	2844
33	8
36	8
48	2842
37	84
1328	57
780	781
2	393
112	33
4	505
1534	252
525	2717
459	465
27	1572
1515	8
2071	15
610	2483
1344	546
27	1574
573	43
140	1442
2268	67
140	1119
43	330
43	332
48	31
328	8
2635	63
2	643
8	766
48	162
48	161
48	165
532	8
518	24
1252	48
252	1101
58	4
1996	11
6	177
252	1108
169	1342
33	128
2	708
33	124
410	39
33	127
2	701
496	38
84	229
446	969
1315	1251
60	137
60	135
27	2646
1408	127
185	135
2038	11
2722	129
346	48
189	1142
4	257
1003	1004
60	25
60	27
74	32
48	787
48	1090
48	785
48	783
2661	110
714	11
4	2705
950	24
2576	1639
580	410
785	367
2298	27
413	546
2611	8
1334	451
24	48
131	1026
48	1898
1333	11
48	1891
48	1897
2072	840
204	189
11	1918
260	542
1705	8
53	54
53	58
108	1787
2556	1497
940	8
2296	90
108	323
685	346
204	1148
2876	678
121	71
1144	1142
721	2718
1068	63
1301	27
48	2270
8	1045
11	13
11	12
11	15
52	2877
443	294
11	16
1852	8
138	382
8	965
1382	252
604	2470
672	32
2395	2396
11	1664
52	21
48	2011
48	2016
48	2015
2550	2551
721	8
177	1086
1165	685
721	2
111	2551
11	446
710	711
771	48
118	907
6	1920
2746	58
460	39
2906	32
23	32
181	8
24	2817
1610	27
1866	1867
27	737
29	737
365	2025
1085	845
410	526
525	913
147	390
48	1881
909	1107
906	420
1550	57
39	933
2919	8
2397	8
2256	8
2	1150
2	1151
1296	2
2315	487
71	317
48	1704
48	1705
6	87
2261	63
70	8
1414	118
365	109
2396	2397
1838	793
1158	1159
252	2656
889	32
2326	2
1322	32
32	2490
2372	4
205	2525
48	328
2372	8
866	43
33	58
121	2536
385	420
829	32
11	2585
1388	546
463	2698
587	702
48	570
48	573
2448	24
2195	33
1652	11
1526	11
11	454
11	451
11	320
11	321
145	63
24	1397
71	1137
32	894
1583	32
591	1153
774	579
24	215
32	13
32	11
2201	111
4	1954
48	311
2430	4
2114	32
998	999
2505	27
430	27
129	130
1831	29
1067	33
502	32
524	55
1901	43
1079	2545
800	74
149	2527
27	334
27	1637
420	204
113	8
937	8
24	1533
168	169
43	457
2679	29
2372	1702
8	155
1382	135
1749	32
41	559
1572	667
2560	268
742	63
215	555
1149	2
1697	215
11	1053
118	1017
618	27
165	320
451	8
11	1587
1910	1094
471	77
11	1580
548	182
2374	690
152	255
621	2532
11	1274
969	719
450	11
425	4
483	118
2061	239
48	1286
177	1202
48	1284
48	1282
1091	13
48	1289
292	110
63	643
22	521
2541	8
1946	27
243	742
2110	2111
65	1160
18	8
140	728
140	899
252	25
111	2636
525	1407
1013	24
1100	24
1723	1781
2209	2885
2764	8
409	8
48	2734
696	697
2135	172
365	733
77	2250
143	1298
567	568
2451	169
525	783
4	75
71	234
200	880
147	57
1169	27
1306	239
4	1175
52	1035
4	1170
2926	4
4	1179
11	2772
2198	852
2182	944
57	1544
882	11
301	48
305	189
1356	1153
398	4
381	131
1202	204
381	138
42	365
48	2865
1209	27
2883	2884
2925	381
57	25
57	22
57	21
228	500
546	1214
228	502
1270	1116
2145	27
2151	559
1625	8
58	65
1625	6
189	330
1354	2798
565	566
1467	11
226	57
77	33
4	381
57	2018
39	2224
48	12
2335	4
48	148
1962	27
659	63
48	146
48	141
53	851
52	956
1380	2
2351	27
48	1116
48	1114
1590	27
268	31
48	1119
377	189
1534	972
1238	63
2283	2284
365	934
77	2708
2590	11
2703	318
114	115
2235	8
4	921
149	1728
1163	71
766	4
48	1078
48	1079
15	591
1743	77
13	205
13	204
546	2038
125	112
591	268
125	119
24	61
351	352
27	1692
182	582
422	851
361	362
66	104
204	22
1108	1109
160	48
319	320
2410	8
318	4
543	2578
1152	27
685	1326
1739	111
217	218
374	65
1320	1385
53	39
2034	57
1426	1606
553	13
2737	2738
553	11
1053	8
1300	32
135	718
2790	1873
499	677
571	454
538	386
140	1864
330	1474
63	123
48	2252
48	2254
63	125
1364	8
2021	2022
11	38
111	2792
65	1575
11	34
11	33
24	2645
1849	8
838	63
4	1445
100	41
639	71
11	1642
17	2219
318	8
48	2032
11	1649
277	268
645	11
33	504
434	15
4	2631
934	1288
87	8
2530	2196
1034	700
122	32
963	1958
2030	77
67	1382
63	1526
2756	2757
2206	8
2570	193
678	177
969	502
1581	27
27	718
692	693
1475	2017
527	43
366	1384
242	8
365	2041
560	2
189	66
410	502
11	2345
1130	193
1657	1658
2338	559
398	719
189	2970
1927	11
57	162
2816	24
157	48
71	63
71	60
905	8
2798	135
867	8
650	48
2823	11
2811	15
2864	169
110	169
71	1485
71	1484
2795	2796
66	685
140	283
108	308
1521	32
2	58
33	74
2	55
2	57
65	202
4	242
2	53
71	584
71	582
1357	317
27	570
1302	1303
458	526
1955	1956
2300	32
48	333
1241	8
48	330
48	462
2581	8
24	205
206	77
261	957
555	1714
48	465
248	85
1094	8
2	1862
793	63
330	903
227	8
111	719
1688	2803
111	1557
1094	6
63	2784
1959	1960
1998	1025
1844	101
907	1288
27	1657
145	149
1711	63
2267	169
43	471
1368	764
2381	71
885	129
266	63
8	138
66	32
395	57
395	54
8	133
8	131
32	38
2359	2346
8	134
1244	548
742	48
11	1077
278	52
278	57
742	41
431	8
63	2435
252	1640
480	427
38	2372
7	2133
1541	177
212	189
1389	1390
667	330
2333	580
2779	2780
48	2251
1914	1915
1550	118
708	48
204	4
2002	169
1089	63
2114	2595
143	304
240	328
143	301
48	2257
2358	1534
1477	118
48	1914
2615	172
1889	8
906	326
27	2385
851	2
27	2387
1011	24
1026	228
243	727
143	1509
751	458
57	1119
97	155
508	63
257	32
1392	1393
140	872
556	21
2481	2482
2893	13
204	1262
203	1910
48	2759
2712	840
41	860
4	1375
48	2750
48	2754
48	2756
71	215
880	118
83	84
521	11
765	1787
318	1583
677	21
601	204
366	2924
2540	2541
1034	395
874	11
67	1782
67	1787
869	27
1186	32
4	1194
2366	71
1023	32
108	58
140	342
487	500
111	12
135	293
737	2301
404	8
135	81
57	751
2929	459
48	2800
2364	8
1897	77
179	58
2778	2779
947	8
48	2030
8	2163
169	546
509	71
1749	8
642	138
2177	720
2624	71
162	621
1190	1167
2225	559
890	331
140	1407
53	2450
6	200
1208	177
2108	27
27	969
660	661
220	221
2290	32
57	2035
1794	11
2728	1803
1555	125
438	398
1575	8
252	934
984	43
11	797
125	283
739	1265
2	2954
803	27
1153	580
600	152
4	900
2490	8
48	1053
546	35
48	1051
4	909
2339	71
663	15
1390	1128
737	1025
200	22
73	74
11	179
125	136
13	268
11	175
11	174
32	1533
115	116
2251	8
470	48
204	48
180	181
2570	8
536	8
580	97
43	801
2409	11
700	27
184	279
152	32
1251	4
8	1223
2162	63
58	198
177	145
2081	15
189	516
13	37
13	33
189	511
189	2432
2819	27
33	690
48	2681
111	2770
2150	63
8	929
149	289
783	131
695	591
189	635
2646	32
112	127
53	127
11	1622
48	2586
4	2611
429	48
2127	2128
918	2
33	529
141	546
48	743
138	565
1206	8
63	1549
609	2
804	365
1173	118
1761	169
48	212
495	6
292	1993
1365	1960
177	1512
46	47
8	2285
119	138
8	2283
1823	1824
2885	2886
127	291
23	8
63	852
22	260
60	2427
887	48
8	2576
587	1923
129	57
123	2458
215	4
215	2
172	331
77	1988
1225	1226
65	1337
682	63
151	29
1285	63
739	11
57	140
212	880
57	145
135	1447
147	685
135	1118
47	25
639	502
1010	8
542	499
129	852
125	451
148	546
2254	2255
1101	125
1622	27
279	147
71	1315
1201	65
48	531
48	530
92	169
2	72
2	77
1698	177
2350	2351
21	204
2508	619
801	8
57	847
790	27
8	1941
47	135
71	562
1841	1872
717	27
506	658
71	41
27	598
177	138
2	1114
2559	2560
38	410
71	48
27	593
27	591
393	125
257	8
856	32
54	252
234	730
1673	1790
2	147
1505	177
4	2052
2	140
1299	11
497	498
2	149
33	329
4	735
32	1187
443	8
323	8
443	2
8	110
8	111
768	8
8	114
715	716
32	52
32	53
1663	1975
1728	8
15	947
32	54
11	1016
2751	2752
1818	177
1323	2360
615	616
1934	32
189	1079
1977	1978
640	178
983	15
922	923
559	2427
10	129
232	54
58	1879
1163	8
2237	11
2588	2
2	2721
195	32
2453	24
1421	1025
2769	27
486	48
48	2373
27	1210
66	8
32	695
949	685
32	691
2902	410
8	109
383	1735
2417	32
48	1936
845	685
308	194
1037	8
243	704
487	27
32	349
556	177
1907	29
709	2
1114	1185
2949	42
32	346
958	8
1653	169
942	943
1345	32
127	1096
2879	11
526	32
383	2175
194	2791
4	1422
4	30
8	1412
89	8
2291	125
8	1140
32	205
32	200
1078	41
243	2709
521	32
1026	2146
27	2462
2846	204
969	1704
2948	204
685	8
1627	173
2288	32
1046	182
845	268
376	8
933	32
541	1990
43	1769
111	2184
42	323
2599	2600
33	655
1574	2
252	228
200	2160
2190	1064
2548	2545
48	2778
22	389
140	327
1292	71
876	1001
149	720
111	2233
1897	13
2	338
1213	63
1050	2
57	65
29	2575
2316	169
420	44
2114	179
179	203
11	2737
11	2739
34	22
140	1174
693	11
750	27
12	8
27	901
1477	77
123	866
48	1480
48	1482
48	1486
48	1489
48	1488
1781	579
2545	8
1880	8
2037	487
346	182
1577	32
1032	8
182	265
38	600
1176	27
252	410
526	111
28	32
1380	1381
60	191
48	1158
254	8
48	1153
48	1152
903	129
512	513
2944	226
11	774
6	229
11	773
365	331
2441	24
48	2159
384	385
4	969
48	277
48	1033
48	1034
48	270
48	271
1692	11
4	248
1796	1285
1910	8
1487	57
22	1886
11	119
1360	63
11	111
125	152
11	112
11	117
24	28
204	66
818	2
685	143
1882	751
818	8
24	27
608	609
2244	118
634	2
24	569
1658	11
544	32
1909	8
1402	85
1547	63
43	826
43	820
413	8
152	11
1626	852
2253	27
571	140
1591	8
598	32
2444	2
2408	215
1123	77
1536	33
48	2215
203	524
2698	385
13	14
784	169
43	758
2	727
2392	43
2710	2711
215	782
55	57
55	56
2045	8
1070	63
11	1354
11	1603
1459	8
1482	8
58	317
1288	2
583	8
2261	27
1134	148
224	8
32	177
127	1288
1249	1250
1034	215
32	179
2218	2221
2128	11
429	177
738	70
2305	2306
345	8
2299	2300
8	2557
910	911
294	2368
24	2806
7	559
63	2911
1867	27
1672	555
244	215
1148	1628
110	215
125	712
1360	4
1510	13
1510	11
1505	27
682	48
1573	43
57	127
633	685
125	436
71	1373
71	1372
8	1604
71	406
8	1602
29	502
2275	1209
2116	2117
119	110
1090	77
27	757
346	4
13	2938
11	2076
11	2071
48	510
1475	1503
48	514
1458	1500
11	348
631	179
11	346
1942	27
45	27
135	2720
1599	32
2850	177
71	546
71	1190
71	22
177	118
2951	2
71	27
47	48
1239	32
147	232
909	321
27	1472
365	1776
393	108
2635	179
2319	2
685	1406
530	11
2319	8
147	546
8	682
2	1827
2	165
33	308
33	309
4	752
1545	1546
33	34
4	206
1654	11
4	759
398	1154
715	27
33	39
1055	204
63	1368
162	1725
398	2175
861	27
48	1100
651	11
2888	118
152	8
2685	2686
152	2
8	1806
1733	1734
375	32
582	189
32	75
32	77
46	1943
2120	2
1600	1601
13	769
785	27
2	1536
945	32
240	810
601	1366
2	1538
640	118
344	277
1568	1569
193	194
2078	15
2774	27
2	1688
2476	2477
1315	1023
410	4
77	2534
848	546
84	48
252	38
292	374
48	1953
48	1951
48	1950
90	91
48	1959
482	2459
1135	2
330	909
6	2084
4	1869
118	4
487	48
118	2
1846	621
752	8
8	1382
32	360
8	1387
63	2873
99	32
2954	8
320	753
11	1292
11	1293
928	27
32	591
695	143
526	13
2677	229
2930	2931
879	8
135	121
4	16
4	17
2497	8
4	12
4	10
521	57
147	32
607	4
412	145
121	122
27	1990
39	252
383	152
1718	582
650	651
33	1083
272	32
1963	129
71	2579
761	27
2656	32
179	198
1116	6
57	42
57	43
57	48
2	318
1116	8
1160	32
509	32
365	2741
147	786
1897	32
149	742
1385	63
734	13
189	395
1275	470
2713	8
8	2127
838	147
506	801
179	228
2721	229
27	255
385	48
1885	365
1385	1787
100	1027
43	474
68	48
60	201
1269	6
244	1043
1701	1673
1269	2
839	840
1178	1179
414	129
2385	2386
32	37
48	2672
398	2248
342	556
820	808
38	620
737	1629
38	330
32	33
611	612
149	1487
48	1172
661	27
852	2010
69	27
17	1421
135	1899
1710	32
580	639
2398	463
2633	42
2200	8
1334	1329
2626	47
140	300
727	32
8	135
11	284
173	8
13	1165
4	942
199	413
808	63
173	6
475	1964
4	2237
2681	562
48	259
1461	8
1447	2525
125	170
11	135
26	27
11	138
21	2555
2023	48
228	695
2009	27
1566	816
49	11
94	95
1142	1145
2426	579
367	118
2335	199
1555	48
2243	8
77	853
779	15
11	1998
1972	8
249	250
600	199
2	1718
14	15
43	515
2849	8
77	143
135	2727
135	2726
2664	2665
330	428
15	408
2815	169
76	32
145	841
189	1426
152	1117
2627	4
970	11
459	32
204	57
4	2389
4	2382
4	2383
57	1818
58	332
252	2433
1404	235
123	530
242	523
48	2091
48	2095
152	151
2427	63
24	2449
24	2442
456	108
24	2447
1445	8
2408	2
2	515
61	62
53	220
1115	32
32	1534
52	1266
487	8
1103	482
111	2735
152	2132
487	2
2822	32
1897	138
763	215
2021	67
143	1351
63	546
1640	169
2598	169
1220	48
108	948
110	237
1784	11
656	48
1573	27
13	420
546	375
695	108
350	2
1023	27
1977	8
125	417
933	15
1587	4
1595	32
24	2410
969	2348
515	1353
11	2055
11	2508
289	8
29	48
71	524
1892	11
993	994
29	41
1737	511
29	43
8	525
8	524
2729	1142
597	8
57	104
108	67
57	108
101	8
179	279
206	11
1799	32
2362	8
1978	1522
135	2774
1486	27
700	71
2223	8
8	667
4	2011
323	432
33	365
2666	2667
733	8
1330	63
441	63
2	34
2	31
1907	2319
1305	199
13	169
1147	8
1080	1081
97	52
2035	71
506	562
48	2242
125	8
48	2243
1024	57
149	1543
1553	15
979	980
707	199
467	4
938	2702
2203	8
2669	193
945	11
17	8
1265	32
33	792
4	2466
1649	118
699	388
1384	32
330	636
240	32
353	354
27	2554
353	359
243	959
1924	1925
2547	57
165	63
27	2550
2404	32
48	1979
48	933
48	1974
48	1205
48	1204
48	1203
1780	2
1782	1783
24	917
24	916
1842	27
24	918
27	63
125	969
38	2
110	15
965	966
182	887
8	1360
1518	152
2892	6
279	453
556	48
1796	8
121	726
330	1573
724	721
933	938
2	2897
108	571
228	111
2029	48
2806	2
521	71
135	146
8	1101
2226	8
1863	8
559	2246
546	2415
1676	8
546	2419
166	27
43	2241
48	2409
1719	8
48	2407
41	32
48	2401
1703	48
143	74
43	1442
143	71
65	1257
559	1535
2379	11
231	232
39	2612
138	132
454	127
11	1417
913	1992
479	379
1861	32
988	177
834	71
2	373
27	491
733	32
2	374
111	2277
140	365
941	27
207	208
8	2456
8	2457
48	2021
1715	48
147	764
782	111
27	2234
27	2232
2449	32
125	2663
27	2239
853	48
2738	11
2193	27
196	927
1046	149
99	71
519	520
2147	8
58	2029
981	982
1477	38
27	276
189	1517
27	273
60	2144
147	101
2046	2
285	172
39	34
346	140
346	143
398	432
243	305
984	63
209	8
3	4
3	8
449	63
2284	8
961	27
2544	8
48	1195
48	1193
48	1192
2	768
11	732
21	656
579	793
39	2658
2125	135
6	912
2162	135
111	1234
1128	33
32	2352
239	13
15	517
1193	1396
2060	8
323	474
48	817
2515	2504
2725	32
75	8
334	757
108	1007
455	27
1874	487
1630	11
2321	2322
814	11
2336	8
2165	1418
1119	27
1083	27
2648	2649
1659	1660
22	2242
1326	8
27	1540
43	575
146	27
1770	63
58	1647
949	2438
934	71
862	99
1412	1415
1412	1413
58	135
556	852
655	57
2733	268
2357	1727
11	1178
13	57
204	125
1947	32
317	2
321	33
2	905
484	485
2468	2
796	8
1764	69
8	346
2022	48
969	21
1317	27
58	682
1997	32
934	131
252	1037
67	2148
252	1035
587	11
2877	751
1297	2
1022	386
640	2506
676	57
152	57
240	288
21	1796
2820	395
1034	785
1402	381
63	2977
77	2615
1931	1932
142	66
1707	8
201	48
32	443
48	759
111	2710
365	48
48	2610
48	2613
667	1696
48	2616
8	2841
48	2618
161	2863
15	77
4	1075
143	1378
1702	77
1409	11
336	337
944	71
54	58
2509	27
544	545
2390	32
192	346
959	808
405	386
71	1409
2526	27
284	108
71	441
71	443
228	4
111	527
11	2281
11	2039
1480	1711
2307	63
682	279
29	63
48	1651
52	286
8	500
238	177
413	2504
443	27
189	213
189	215
189	214
189	217
1116	29
108	43
1107	8
1410	43
1514	8
33	2316
27	687
2	125
261	262
1688	48
2	121
1799	57
27	689
27	92
546	2279
111	1005
2761	71
2196	27
2575	8
329	177
1803	48
656	4
1908	8
502	1288
11	2864
656	2
13	140
1445	2925
13	143
1193	71
1753	29
1702	8
97	38
97	33
2450	27
1687	104
582	140
972	135
258	32
981	11
1342	1343
4	2940
1560	182
773	318
150	151
2059	189
149	38
34	2434
149	32
2504	48
506	2635
367	71
529	48
757	16
182	33
1683	8
486	27
1216	11
65	2278
199	42
1670	2009
32	631
2240	2241
199	48
48	919
48	1221
47	6
1433	77
48	1225
48	1226
69	118
2376	27
781	802
1087	189
52	25
189	1090
2975	1417
24	393
189	2548
189	2549
2910	685
446	67
181	1589
54	1871
189	2546
2286	169
679	11
578	169
2865	57
2649	182
129	591
177	1108
1851	1852
42	39
1153	192
252	21
323	252
2918	63
2093	71
1703	66
11	2947
454	455
737	118
41	131
58	471
2501	147
584	892
1935	1061
999	27
2474	57
324	386
639	799
969	118
48	2522
1287	791
462	463
2346	556
4	1442
1280	169
753	754
127	110
2	351
27	477
127	119
1324	169
33	1598
33	1840
1598	65
853	24
894	8
2341	32
1747	11
2531	32
653	8
720	8
1236	77
147	121
2039	6
2527	8
27	2132
546	780
546	783
48	1426
1623	2
1623	4
294	571
909	196
967	968
57	84
2463	4
11	2755
124	1055
2084	32
905	63
2970	1584
372	32
1986	1987
172	52
1969	1970
1183	32
65	2293
365	1619
674	675
1307	118
162	1952
11	243
2318	8
990	991
140	1483
2525	152
750	42
414	32
48	215
239	32
48	744
4	981
48	749
32	2627
636	1150
1418	32
852	1627
232	1032
317	32
13	556
458	808
910	48
297	8
179	690
380	27
1948	721
1150	140
27	1173
845	15
1915	32
352	8
2	429
759	2440
2134	2135
65	459
481	11
111	1740
2459	129
77	108
21	544
58	111
162	163
647	57
21	118
11	1153
11	1155
203	582
1382	57
8	363
2	925
307	2
165	243
5	129
1841	204
11	1334
141	27
11	1849
1432	48
179	724
2148	2030
502	1726
1207	32
1748	27
880	8
894	2236
880	2
4	2695
4	2697
2032	1408
8	1025
8	1800
97	252
52	2526
1314	27
2605	54
1596	685
27	2919
1802	6
8	2005
2107	27
53	1026
32	460
108	2859
2	2469
1678	8
2673	8
152	1519
48	2679
2021	24
1053	1796
152	1514
152	1516
4	1588
36	54
182	125
1535	685
2817	1171
507	48
1817	129
2826	463
718	58
2303	2304
1872	685
410	321
2292	204
737	2448
57	674
387	11
2324	111
37	108
2894	173
77	1818
2209	928
559	1709
77	1816
454	718
215	178
111	2439
1874	2927
1609	11
2554	21
11	2880
546	330
132	139
685	24
1074	2
1410	27
1799	77
140	1079
6	546
594	595
239	852
3	559
8	627
1226	1458
454	900
1991	580
127	308
379	380
27	77
27	72
27	70
2461	27
786	579
441	27
125	2143
676	499
97	13
97	11
591	2714
6	765
2420	8
1381	8
2848	2
1554	11
742	229
2	1087
48	1654
2040	129
365	2235
1830	292
1775	1776
27	1368
2	1227
67	79
1348	27
2511	57
215	13
458	639
149	15
4	845
12	27
849	8
127	770
173	215
48	688
925	4
1471	1825
600	1157
63	2728
13	121
13	129
11	502
8	1491
956	71
2342	2343
880	541
1854	58
121	502
199	63
48	1244
774	177
1226	11
1811	1812
319	2
610	1833
48	977
319	4
252	2411
1434	11
1500	8
1167	32
2713	32
8	1328
1707	695
121	6
118	13
444	636
679	32
582	41
149	946
582	48
346	2445
433	2
732	826
330	1532
0	1
1505	1306
1692	8
252	41
1669	48
42	54
48	1861
2	2851
252	48
443	365
601	47
810	8
54	1288
60	1128
546	2902
546	2452
391	32
41	74
43	1807
131	811
65	1034
205	42
198	556
108	1584
318	368
1520	1521
1292	2
63	1401
41	152
252	733
252	732
2280	199
125	1056
1494	63
2421	169
148	11
712	54
11	1452
250	24
11	1457
1893	318
1406	13
2567	546
2502	2503
1697	8
27	189
938	2811
27	181
1038	1039
179	1083
63	245
734	71
2583	1380
1077	2
292	710
274	367
43	2821
505	405
125	658
1862	32
238	1471
1284	11
365	2854
1804	1805
566	48
1056	1043
414	147
346	108
48	1400
642	27
1533	27
132	27
48	1404
667	2693
1257	27
110	1128
2977	32
1497	8
4	2917
27	456
939	8
386	229
1792	1793
4	2918
899	454
1957	32
57	334
147	1794
11	177
11	265
21	610
11	2959
11	260
11	2480
820	1809
196	789
763	1968
115	1573
42	265
192	32
6	958
146	32
27	981
27	984
432	33
2934	1305
2069	8
57	2666
71	1617
2758	385
48	768
48	765
8	2679
48	761
48	762
48	763
11	192
129	77
380	4
190	43
2874	48
492	493
546	1347
2	1946
2	1945
449	29
546	2336
1004	17
559	2703
399	261
2233	63
77	294
712	8
162	1356
1700	1701
358	353
1233	15
1065	6
24	1659
2100	852
169	123
1759	1328
1449	43
71	199
2099	2100
32	1841
530	8
1801	65
2637	179
24	873
2130	32
25	15
140	1843
140	1842
4	2369
1323	2378
8	389
2697	463
1419	1420
16	580
8	385
2	412
4	2363
4	2365
2	414
2492	8
2335	172
301	173
165	268
1568	323
1046	2525
129	410
32	834
204	2728
1430	897
11	1683
2886	2
43	48
2097	2098
43	44
43	41
729	410
486	487
205	2
8	1865
840	8
2458	6
880	487
969	1976
969	1977
77	121
602	638
969	2214
48	1385
84	177
48	1381
53	1007
600	1963
63	746
284	1880
294	316
136	1008
15	111
1455	71
2207	559
318	1151
1231	8
1402	122
1711	1712
773	48
735	1114
385	4
2503	413
2003	695
667	2030
129	1076
1871	1907
1161	8
182	108
539	32
843	318
2	7
601	365
366	8
718	32
1129	48
195	2
1230	111
71	1444
71	1446
71	1443
1004	169
1720	203
44	2
1427	1428
506	48
48	2896
2439	8
1374	8
405	8
63	248
48	2120
37	502
331	8
8	1227
933	365
29	27
1576	27
246	247
8	546
8	811
408	409
8	541
111	2319
111	2317
111	2314
443	60
65	112
443	63
310	268
252	500
546	2100
252	506
862	1353
685	48
11	2692
1907	2114
398	399
70	63
238	48
27	57
323	458
27	52
27	53
454	71
298	77
33	2177
11	2569
1480	1757
11	2567
2667	8
506	507
2971	2401
2214	13
600	582
2514	140
1082	77
1805	8
342	32
2144	2145
48	1675
1411	877
48	1670
48	1671
2387	67
2113	27
1989	48
48	2239
1185	1186
579	2766
2889	2890
2843	215
235	1114
4	869
1192	118
720	13
491	11
969	1847
13	108
71	1965
907	203
15	20
15	21
284	65
1670	27
685	2682
77	203
48	405
48	404
143	690
48	1269
48	400
48	954
774	111
1483	897
48	409
2	610
299	63
118	318
329	57
67	58
2277	2518
1726	135
2189	32
1990	2314
2701	8
323	1574
111	2773
27	2114
82	67
323	1578
48	1402
121	215
788	8
365	123
1564	27
57	2082
1318	8
138	667
556	1147
42	71
252	63
548	579
1165	32
546	2114
742	8
189	1634
2862	13
1768	41
383	2265
926	32
1824	1471
919	2
4	2556
149	434
149	437
11	1473
610	386
1139	12
8	2652
1856	8
182	2
388	27
179	119
169	2617
179	110
189	2634
817	63
2898	2899
2	2788
2	2789
173	11
410	1513
1875	1876
214	8
1698	27
21	63
737	152
2	2164
2	2169
514	1148
74	637
48	1460
240	969
343	27
71	2468
2237	2813
2760	27
27	431
4	2976
599	169
976	2
447	326
2239	2524
1192	24
515	1296
845	54
192	15
63	2251
11	205
11	204
11	208
21	365
821	118
4	2268
1814	27
2622	2623
2378	118
340	108
331	32
248	734
1417	487
770	169
593	48
328	47
346	781
944	29
71	733
27	1283
27	1287
1147	601
33	243
657	2
265	57
291	55
546	2319
1440	32
631	41
499	109
1137	580
1061	63
63	2086
60	647
1305	420
189	1354
1242	1243
330	1720
152	521
2863	48
1865	27
815	119
15	2601
2391	11
1193	8
1292	32
1738	11
1530	32
4	490
88	89
11	1115
2	470
2	472
300	32
732	784
33	658
708	147
488	8
130	96
11	2552
1259	1260
34	2008
165	204
1	2
1003	11
781	386
1606	1674
29	2393
43	63
43	60
2829	2830
1680	27
8	1846
1985	765
2835	27
1489	74
1098	1099
591	2707
2442	8
24	143
3	11
852	1229
713	63
2750	27
1413	1414
188	32
2553	454
2044	1897
140	25
758	759
252	1074
71	135
1258	1259
690	48
215	580
215	585
2026	41
1099	1100
1660	63
2152	118
1424	172
2773	323
1709	118
2916	204
614	615
38	1407
8	2286
2380	118
2176	57
2718	8
2546	1042
271	63
71	2584
1026	2371
746	8
37	525
38	48
38	43
2228	2229
506	63
48	2101
48	2100
1144	1275
2620	2621
48	2107
74	135
145	571
784	785
1110	1100
1725	32
158	165
4	7
569	118
71	6
111	2376
8	830
4	2892
1868	8
1140	57
2796	2797
57	189
301	239
1690	29
179	323
2921	8
2247	22
179	329
48	1266
27	375
177	33
323	48
2	189
177	39
546	1345
27	31
1429	591
463	464
27	39
563	55
74	792
673	57
2332	2333
393	479
2901	546
1385	365
1902	8
1033	8
1642	13
38	725
395	8
48	1618
600	1442
237	21
48	1610
1448	199
342	13
48	1616
2230	2231
720	2716
6	502
2809	204
1417	27
2818	2
562	8
2552	27
1008	8
365	4
2746	2747
432	433
4	800
365	8
11	546
559	2402
32	1419
22	1211
720	77
155	279
15	48
320	8
149	4
149	8
1447	1448
329	63
199	27
1794	8
956	32
936	937
1573	63
1665	11
1360	1454
582	556
48	426
1433	15
265	138
2593	27
1319	11
1666	32
71	969
1809	27
43	903
43	904
1114	27
253	24
323	1220
1058	22
197	129
84	525
57	143
152	757
828	11
487	482
1176	8
1766	8
8	226
2	862
385	111
499	48
11	1997
58	721
323	234
48	1821
1114	1418
653	33
13	2606
1476	1477
27	1937
582	2
582	4
43	2794
648	57
341	6
431	63
2	329
24	2251
57	71
11	1499
1677	621
845	110
1513	731
7	77
1717	27
179	135
177	1432
754	8
768	32
8	1185
314	315
4	473
1271	2
149	1041
8	60
437	6
33	1537
16	215
33	1535
8	2187
1090	32
174	140
1441	1442
241	8
63	200
63	206
103	104
1153	8
48	1449
2428	32
48	1445
48	1447
48	1440
4	1752
1762	365
4	1754
1894	232
1769	21
71	361
1479	8
32	138
2365	41
1525	63
32	135
1751	71
381	1500
33	889
27	148
562	48
463	2827
27	411
4	2957
27	140
27	142
146	147
515	1277
2937	4
146	71
2056	2
1511	90
11	223
11	222
11	227
11	226
291	165
11	224
1222	8
177	252
688	27
1227	204
152	2945
1266	41
147	189
48	941
27	1732
125	2222
451	322
318	32
398	219
1818	65
48	2932
48	2933
1346	71
516	15
2	1900
65	709
516	11
2	1905
1385	27
2068	2069
48	539
469	470
252	332
528	32
4	121
459	550
11	486
189	1337
85	32
196	8
11	480
248	2290
24	1614
746	32
50	51
2311	8
8	739
2735	8
2377	11
474	169
2367	32
824	11
2424	933
129	189
786	8
13	862
248	933
70	386
2538	2539
38	2962
2	454
1062	189
4	2321
600	4
751	189
600	6
2545	685
127	610
600	8
2731	781
1122	1123
1174	172
444	445
27	2517
8	737
1987	77
118	129
77	2471
77	2475
149	2061
907	165
1990	395
4	1768
149	1677
386	467
48	858
48	859
4	1986
2634	8
1899	204
228	2683
119	8
904	169
15	1630
2314	27
1531	57
898	32
1745	1746
699	2
411	37
845	2185
134	2201
24	165
24	169
71	115
2795	395
71	111
572	27
1816	318
8	1534
8	1535
682	84
169	891
230	53
39	118
808	8
2875	2876
48	2347
39	110
48	2342
1126	27
8	37
54	649
99	8
8	38
8	39
726	140
67	447
613	27
1276	27
46	118
643	77
309	149
11	1536
11	1534
11	1531
439	57
4	1565
4	1564
48	2162
1492	8
48	2166
1379	27
2	211
2482	57
138	366
275	27
261	152
169	420
121	1111
37	4
546	2147
8	582
8	853
8	852
8	587
27	2355
579	8
92	949
63	698
294	295
2805	8
194	118
381	8
1897	8
177	54
177	57
728	8
27	606
1955	166
969	2437
381	6
763	414
8	2375
147	515
27	16
454	33
48	1587
294	710
77	127
911	32
365	781
2	1068
134	147
2	1066
1760	677
48	1631
48	1636
1779	32
2279	2280
2569	591
48	5
1311	118
1189	159
365	252
6	2432
495	11
1128	8
711	650
240	2404
6	525
1608	11
154	63
4	821
2340	2341
4	353
2960	48
412	239
499	32
252	2444
1884	1885
1442	122
60	876
48	196
48	195
48	626
48	621
15	60
13	410
199	4
474	32
1498	37
321	279
2494	2495
1033	189
1380	139
48	996
48	993
48	992
720	2609
2327	2
48	449
265	155
2028	2
48	441
48	444
840	32
122	969
77	1174
2419	2420
38	562
323	584
1064	177
43	383
1839	32
559	2152
1921	11
239	4
564	138
239	2
2789	65
268	125
428	8
3	131
428	2
2	848
428	6
8	204
8	205
8	201
1859	77
260	206
58	742
2098	2099
123	475
1625	1626
1840	373
1401	8
776	777
1580	8
1444	8
90	2042
1509	48
277	77
441	8
710	165
15	546
757	66
895	11
757	69
7	11
2612	32
7	15
2	2749
598	8
768	11
807	27
183	32
215	2627
541	48
48	2570
179	1026
63	229
2544	2114
125	633
125	639
101	13
794	795
57	1007
2797	172
1270	2783
138	195
1535	2492
98	99
22	496
1844	2845
604	630
57	1340
140	2515
4	1732
4	1733
140	2519
27	167
375	11
131	92
32	111
1316	169
5	6
5	8
601	2597
826	152
330	2305
909	43
802	2
547	2
21	853
125	2024
802	8
628	629
11	2392
1636	27
65	1856
785	2
2329	11
329	695
24	1980
97	1328
2891	27
135	1727
252	137
485	486
1006	92
574	760
11	2640
1478	1479
318	15
326	58
1052	1053
148	29
2469	4
65	728
1336	1337
67	119
33	203
11	1468
1234	8
4	107
4	106
4	105
1983	8
161	8
6	318
189	1318
1061	27
124	8
463	679
1157	204
2115	252
2938	11
2707	32
135	933
2222	27
48	299
616	32
1366	204
48	296
2762	2763
1566	239
16	2
335	8
880	32
16	8
1952	11
48	658
135	640
2955	2956
1496	32
1946	6
268	1042
9	10
11	971
85	13
500	600
43	27
149	2006
149	1619
149	1617
1088	1089
32	751
48	870
48	874
6	2381
48	877
48	878
48	1325
2741	74
48	1320
2549	2114
48	1323
24	818
13	331
11	602
541	147
525	1497
365	887
1197	2
559	1880
15	177
127	149
1975	11
105	8
2702	559
118	143
2887	2888
129	307
2534	1050
265	365
1976	32
772	1046
938	48
71	178
1862	4
135	621
135	2143
543	152
39	461
32	1973
2928	8
2565	420
2699	11
48	2361
506	1004
1554	8
8	13
8	10
8	11
8	15
202	27
8	19
2728	2745
309	165
271	1038
11	1511
54	603
48	2141
48	2140
48	2143
737	21
636	8
1923	1328
4	1505
331	386
1128	1273
1651	32
77	2097
482	6
11	2689
149	135
1502	307
145	1201
176	32
373	27
386	77
292	2869
61	1024
2054	27
596	71
62	63
2950	8
194	138
506	906
2804	27
27	621
177	71
2047	8
27	626
77	2514
8	2398
719	32
104	169
307	74
581	8
621	1049
2362	2502
4	597
4	599
777	63
11	2891
431	279
2356	8
534	118
140	644
292	402
2393	8
2770	463
2393	2
29	169
48	602
48	601
1994	27
74	4
2642	385
1516	8
1482	562
162	4
60	147
60	145
60	143
60	140
1785	204
426	327
27	1053
27	1052
24	379
54	124
118	1312
1327	4
67	323
1040	48
8	542
111	2318
22	1873
2434	6
262	2
301	215
2265	318
8	931
252	1199
2688	11
1488	27
6	108
525	1828
410	42
2	824
179	562
388	8
685	735
8	548
841	1233
695	71
11	1724
204	111
2967	582
548	32
369	6
740	334
1650	1897
1320	11
933	6
131	546
151	27
1274	172
60	57
908	118
562	2713
1796	1707
165	582
8	2949
727	194
2243	204
2326	229
1067	179
7	33
7	32
2077	2
149	2210
1421	587
1323	1385
1430	1431
1939	1796
1559	118
1337	71
2744	8
1035	1036
2018	367
189	2625
182	4
22	1411
4	2965
48	2553
143	1437
421	6
393	32
690	2040
2211	326
22	40
367	432
2610	27
579	346
57	1064
2400	386
52	505
63	77
2851	2852
1638	1639
48	831
4	1240
21	129
378	379
4	1248
162	835
71	324
57	1323
229	2
1619	199
229	8
8	1769
228	229
11	88
67	2567
2836	8
65	375
65	376
11	82
8	1760
8	1765
8	1767
1644	27
139	1533
127	1108
21	67
1224	1176
179	1007
102	8
2676	2677
1046	724
232	1895
1118	1820
2360	32
2636	152
1878	58
17	18
1723	8
2952	8
92	2
2516	48
252	110
1065	243
15	2186
11	214
398	252
248	46
2781	2782
33	955
1402	1403
33	228
4	165
4	166
334	143
1436	29
11	2406
837	32
323	2775
859	695
6	1665
1313	32
274	8
27	818
111	2508
6	33
1673	32
4	31
6	38
48	1779
11	2662
2786	32
11	2668
29	4
1304	265
678	24
502	43
4	785
852	150
4	780
1645	2
580	127
1944	172
511	32
1481	63
1248	27
323	1904
1294	71
179	47
179	43
1832	77
931	32
189	2647
2270	2914
386	931
240	241
48	1303
1808	169
48	1301
32	773
111	1819
1405	454
48	818
48	819
1883	1884
514	515
48	814
48	815
13	600
2436	63
129	148
129	147
189	1196
11	624
32	1377
11	621
129	140
2739	311
2406	8
781	2847
579	118
2356	2380
2139	147
744	27
1347	1348
1064	48
1565	8
2841	48
3	71
97	2
97	4
1148	63
24	129
601	104
1172	27
816	90
71	152
1155	268
135	2611
1382	147
1933	215
75	71
2455	32
1795	11
4	2494
4	2491
2347	27
1532	32
1118	204
32	312
111	2647
865	27
8	74
1979	27
8	77
505	6
808	960
505	8
11	1579
521	897
11	1572
11	1570
1449	1434
1662	479
162	330
540	8
4	1523
639	837
2178	938
52	248
1111	6
172	1062
749	27
606	607
695	2
956	8
8	2001
8	2000
695	4
523	57
1501	8
38	1319
1195	27
1027	1028
48	1547
48	1540
13	824
853	1212
307	54
853	1962
4	1385
580	944
71	1840
143	2484
620	63
1769	101
774	48
1929	11
774	41
63	147
2066	8
169	11
4	574
2574	29
479	1663
864	865
27	2764
318	580
27	1346
765	32
265	48
108	2313
123	13
29	143
2563	2
29	140
48	660
48	662
500	678
25	11
48	669
1789	204
1354	32
328	118
43	1081
1133	33
767	48
2	4
2	3
71	631
177	559
2186	118
2522	1979
2	124
48	488
43	2417
420	118
48	484
2597	487
1002	27
1611	11
1031	53
2692	2
1828	1829
2830	179
1607	8
54	109
54	2176
2880	63
1036	118
2923	209
4	2129
165	8
48	85
48	86
521	1584
8	797
329	330
859	27
131	707
2183	63
6	123
48	2829
135	1708
6	125
2871	135
655	546
559	308
147	2906
339	257
8	249
2	804
2258	169
4	2262
685	2602
685	2603
685	2604
695	53
1569	169
11	1742
11	1748
1585	11
2755	32
33	486
2422	8
683	57
149	1791
377	33
70	204
1245	8
2931	204
295	48
642	2
1533	2
728	77
701	172
872	2650
757	29
1593	22
2170	2171
31	32
77	2174
2745	32
77	2170
196	197
1026	110
2270	2271
32	546
393	63
32	541
951	32
2720	2
48	2530
48	2535
88	588
393	57
22	23
63	57
63	52
8	1290
8	1292
8	2922
171	63
1517	1518
8	2926
1191	546
8	2929
811	48
108	2722
1128	1159
2208	27
1584	2
15	2748
2118	27
8	1038
418	419
27	123
27	121
27	127
11	2732
2638	57
1786	8
37	111
27	764
127	2696
2263	8
1603	1148
1017	1018
33	2056
279	280
65	1819
2075	268
65	1817
8	407
52	381
453	32
852	2816
989	393
155	33
447	502
48	2950
8	2802
323	732
830	11
1861	8
15	611
4	148
8	2218
4	146
4	145
4	142
2184	8
2105	1137
2946	818
48	1206
1363	1763
509	129
38	482
145	32
2053	193
27	876
178	1542
48	1759
6	52
633	634
1730	1715
1030	1031
963	52
2242	204
759	2
340	540
2965	24
502	63
2555	4
252	827
1022	8
104	239
1540	323
506	2029
1434	32
758	1303
58	546
4	1270
189	2626
1565	32
228	57
48	1363
48	1364
48	1365
48	1367
1880	2370
398	48
1432	535
1936	27
933	71
2927	63
691	692
1007	1019
1319	1847
1355	8
2487	32
11	646
2310	2311
579	138
108	416
108	414
631	1751
323	1652
1000	8
77	499
203	1212
252	1068
38	178
2570	32
1181	8
1724	172
1809	1207
931	11
506	1592
2544	63
58	1220
969	1249
2794	2
2689	2690
48	1983
1310	1311
778	8
1740	8
697	63
1544	63
332	326
655	737
100	48
1212	1507
48	2320
11	1085
27	580
33	740
333	334
2416	57
67	975
2393	32
1385	8
67	972
1452	71
1244	11
11	1227
577	129
11	1224
57	909
2245	8
58	267
48	2057
783	27
8	57
1535	57
48	2184
1755	27
2160	479
2630	32
8	53
2582	65
1541	852
33	1949
27	2334
546	880
27	2840
1880	13
2472	8
149	2408
655	65
52	1625
1473	63
1578	11
205	2112
22	1594
2004	13
86	87
8	54
8	55
698	699
2	2063
8	58
