2975	8962
44	314
1819	17
1439	14
637	38
299	300
6	272
185	2248
22	377
22	375
499	8
1456	17
119	1796
613	2586
62	485
119	1798
14	636
2689	8
135	195
135	193
205	206
1269	162
2348	24
47	1117
65	1482
112	69
648	105
245	246
6	1257
6	1256
6	1253
6	1251
6	1250
345	2451
783	1370
21	710
1286	1760
1169	1014
419	433
6	856
6	855
6	854
6	853
419	436
6	851
2556	2557
96	992
2854	2855
233	745
422	6
1133	17
270	24
1393	2
1901	227
2241	8
4	556
2850	2047
2451	2452
862	863
499	21
43	360
58	1034
494	22
2109	2796
4	2107
387	191
89	90
4	337
424	2516
2688	58
63	2633
2307	58
4	2247
6	147
6	146
2332	119
1080	17
552	1750
211	212
612	17
387	445
90	1931
387	2293
939	17
2819	8
795	21
387	509
377	12
1948	38
8	1900
546	40
1376	88
2458	242
1966	1967
1743	21
2722	1907
2261	1453
185	490
419	959
2946	1643
81	82
38	2108
62	2559
942	62
442	45
641	2505
1564	81
17	1065
2025	38
483	97
698	390
43	2608
2492	14
510	6
755	24
184	203
348	349
47	629
62	6
137	138
235	17
184	209
2079	17
154	908
2588	21
2825	641
14	2554
8	2908
436	21
1758	44
811	62
1087	21
567	123
507	483
14	281
62	2801
1436	109
38	1299
439	2890
313	44
14	778
414	2471
38	1296
21	27
21	25
21	24
21	22
2212	43
58	672
1883	177
592	593
21	29
21	28
4	1005
1854	1634
378	21
767	2481
2374	2375
2497	2592
2421	17
761	4
43	2150
2092	76
2882	21
735	348
2101	34
2457	126
118	21
783	985
2954	6
6	1402
6	1400
6	1407
352	800
6	1405
189	119
1575	1450
2030	21
2963	2964
453	14
122	69
424	1132
8	2204
69	2193
10	628
490	25
490	21
22	787
2950	62
21	833
387	25
21	837
21	387
96	46
96	43
695	2805
2503	21
38	469
284	936
38	467
912	8
38	465
35	24
6	75
6	72
6	73
347	94
2349	2948
1815	44
2269	43
1592	211
1087	8
99	1988
6	447
110	111
213	214
419	67
1205	1206
2294	22
62	264
1014	478
1067	62
468	38
1359	38
21	521
1112	10
2293	21
407	233
6	2223
424	43
896	8
6	622
1671	17
6	629
957	21
13	1016
1211	2
2966	21
2822	17
40	2
6	2326
390	4
6	2329
2037	12
591	21
442	1121
2352	2353
24	255
4	1900
1307	244
24	251
21	2355
21	2357
2695	45
243	43
422	2
1495	167
718	21
800	21
789	2393
1568	8
2700	8
232	24
645	532
114	22
371	1461
2831	17
114	21
1522	8
1336	24
1336	21
447	21
138	14
1606	21
2329	21
1297	17
1000	1001
2075	17
43	137
167	1539
1384	336
2507	6
2225	21
186	21
1327	419
2314	419
81	2870
54	2232
2401	863
2390	38
16	2510
2540	105
391	233
1239	2
6	2819
996	602
13	2093
2224	15
763	2713
778	17
2002	663
692	21
596	14
1684	81
1131	1906
387	2713
414	576
701	251
663	427
780	24
1738	184
2444	8
1885	1886
706	21
12	2432
65	1131
43	1921
202	44
1005	1006
1103	38
876	21
2671	2
2007	17
419	2404
14	345
1048	184
14	346
14	340
371	886
32	6
529	2697
375	6
972	17
1506	17
6	1238
1556	1601
2370	17
17	2743
419	1983
2858	24
424	352
1380	641
155	1413
634	14
1211	17
1904	485
123	58
322	47
14	1564
58	2760
1539	387
178	112
13	17
1610	17
1962	14
439	390
1001	21
1030	430
2	386
745	221
21	2166
763	58
112	43
4	534
322	4
322	6
17	2816
345	57
2836	24
133	165
76	1546
43	305
2948	21
22	2065
1031	2
4	2163
4	2161
48	49
4	2165
24	387
4	1772
695	2501
6	167
6	166
242	387
424	823
14	553
6	168
1613	38
129	2618
4	2223
8	287
4	2225
489	2
289	593
39	56
4	2228
387	468
1615	1539
38	698
69	96
4	330
1493	22
45	995
475	478
1918	40
387	2270
76	228
147	1986
1495	626
4	2599
1014	648
371	311
4	2593
4	2590
4	2595
74	21
955	2869
2730	8
295	81
2183	21
44	482
22	1814
2757	383
10	83
2153	478
43	2043
24	58
24	56
1833	1834
184	199
2298	17
17	1049
2284	62
534	81
2425	311
2336	14
531	390
235	38
184	229
1664	58
135	749
10	1325
1108	38
1506	81
21	1635
44	653
38	1722
38	1725
38	1724
305	2102
8	994
2150	38
1417	6
1417	4
8	1072
521	2152
44	431
112	190
21	1988
2778	688
21	1453
21	1985
2001	144
43	1023
168	43
45	2223
1006	17
123	81
565	4
24	735
2116	1888
2756	81
6	1428
233	227
6	1424
6	1426
112	446
6	1423
23	24
419	1060
42	2695
196	17
311	1306
2814	541
242	805
1150	1271
24	1108
24	1109
1562	162
463	502
105	2083
463	505
6	1688
531	14
2166	6
402	21
650	126
112	1670
2538	8
2388	316
38	449
14	1790
298	299
24	1812
644	6
606	135
6	94
6	95
6	90
485	774
42	2033
1130	17
1503	17
963	17
623	4
623	6
311	956
16	17
333	17
4	274
1618	14
2418	4
602	2151
424	2495
1521	44
445	1726
6	2249
6	2248
6	2241
21	506
1832	17
6	2247
6	398
6	399
6	391
6	572
1664	21
6	395
6	396
6	397
2128	17
2705	641
4	1926
2927	21
6	2305
385	386
2306	233
4	1928
216	24
1019	424
567	20
419	361
1202	21
190	6
294	17
274	2703
21	2409
502	21
844	845
185	353
2861	1367
2223	10
184	506
24	183
1611	636
190	541
24	185
24	189
1948	144
615	2
43	113
383	69
2663	2749
242	243
271	58
54	2439
2615	144
2057	1247
115	17
24	2685
278	21
2154	38
64	410
2372	184
769	193
2852	38
22	2157
22	2154
1462	58
43	2453
2348	251
949	387
316	17
1537	81
278	132
316	10
446	419
6	2874
1487	144
17	183
1161	648
161	21
17	188
40	458
1983	58
629	17
4	2787
1632	17
2311	21
10	1955
366	973
663	114
464	590
552	90
1545	76
17	458
14	185
112	1466
112	1460
2263	43
1931	2486
2290	2291
347	348
2937	2938
1558	21
171	2629
1013	17
8	96
81	539
595	38
135	2649
16	2131
412	371
1043	6
8	1442
4	84
4	88
424	251
352	2348
2582	24
1802	233
2042	81
884	446
21	975
2336	485
766	336
1266	8
1232	81
6	2496
6	2497
369	1161
21	979
557	112
201	105
663	2253
2478	17
40	1677
763	347
381	126
514	21
1387	17
1177	38
1944	1945
551	552
43	1764
1358	43
1847	14
602	771
14	1890
310	311
1259	44
728	24
221	4
748	2328
112	21
6	1744
6	1211
6	1746
6	1216
6	1218
4	515
556	2
6	982
556	8
72	121
419	2356
24	1717
573	58
43	320
24	1710
493	440
2569	44
1261	21
1464	21
1011	1012
2467	81
881	21
881	24
2325	24
1023	6
6	188
1613	14
424	809
73	24
61	105
73	21
877	6
119	1996
4	2203
612	58
613	1730
1031	38
2038	21
1636	144
43	587
1661	941
43	852
857	58
2098	17
1014	22
1216	144
653	855
2178	202
22	2166
442	353
2871	58
727	17
1183	178
1513	912
2815	17
942	21
1956	112
749	478
6	2701
1732	311
2144	2145
483	58
1890	17
2051	17
13	119
159	160
14	2779
2885	62
936	2081
69	530
1660	2534
374	72
8	1272
500	501
1843	21
2252	21
8	1279
478	881
626	58
135	727
1162	6
2093	233
578	233
21	1619
21	1613
1563	490
424	1613
14	2515
14	2514
24	2658
1267	17
755	21
8	978
348	345
10	1031
831	832
1747	1748
709	21
1325	17
406	2
1377	6
277	278
2136	58
24	2967
627	81
43	1599
914	657
1502	244
112	460
312	1449
83	485
665	81
144	663
17	840
6	1910
10	986
1623	17
6	1914
1991	10
6	1917
16	497
387	908
406	21
519	1044
406	24
2003	2004
14	92
69	1629
381	2656
14	94
1900	1914
167	21
167	22
2114	247
22	1769
10	677
14	799
2971	4
62	970
105	406
1602	6
1863	17
366	367
659	787
1280	17
4	2752
574	575
6	408
419	2509
6	400
6	403
6	405
6	406
4	253
6	1007
6	1002
348	1275
2420	251
463	387
4	259
4	702
6	2263
45	21
6	2261
1310	278
1370	251
6	2603
732	17
406	381
419	205
348	681
145	4
21	564
1860	478
38	426
2899	44
2734	232
24	1387
878	17
1184	8
1590	1591
2326	8
1827	21
1981	4
24	217
628	532
1334	34
923	438
1176	581
38	1882
56	342
114	377
419	340
76	926
419	345
43	663
2965	8
243	81
21	2395
330	331
1542	189
1549	2858
894	22
1880	21
1012	1182
62	1121
279	62
387	347
1092	21
1054	21
1857	419
1524	1525
2351	24
2351	21
602	38
1209	58
135	2322
278	44
272	1187
185	1163
126	12
175	219
224	58
262	1220
1462	76
1341	211
206	2088
130	21
163	164
2878	2879
2769	17
387	733
1723	21
40	477
2952	17
1723	24
1170	21
206	207
2008	8
2405	2406
2482	645
1960	8
197	81
2558	8
10	1936
588	486
1632	38
575	21
2207	81
22	531
17	477
22	537
2714	58
1844	807
119	76
1946	17
2067	570
2662	2663
14	167
2935	17
17	1929
247	81
2308	62
1475	6
1387	69
1766	21
1754	278
2012	240
4	685
14	302
14	304
836	21
4	66
4	64
2833	21
8	1425
1676	40
109	947
4	1166
21	774
2082	21
4	1169
585	14
144	47
461	8
663	2277
1465	112
19	4
345	1509
14	1523
14	1521
14	1524
6	1583
6	1582
1387	38
2141	38
6	1584
770	771
328	191
8	426
846	21
14	603
191	920
1026	1027
57	17
952	953
2649	17
1472	17
1878	17
203	2100
6	1766
58	76
6	1763
6	1762
6	1761
2396	419
286	8
390	278
8	713
519	593
419	2330
847	419
24	1732
24	1737
1174	17
22	1372
6	1404
233	241
909	105
2501	1644
802	58
801	76
480	1099
1267	1268
506	419
229	144
76	6
1529	244
2791	2
17	1495
17	1491
345	10
2796	58
1789	12
2248	21
4	938
1275	17
125	126
1066	1067
24	10
24	12
2304	17
24	16
1094	1095
1197	17
442	22
1333	21
17	1009
21	2646
442	25
1571	2020
2876	8
69	510
2334	38
6	2116
24	539
21	924
43	876
485	1994
14	2756
8	1213
2746	2
1344	2
24	2411
47	647
2670	6
2072	2376
1920	8
96	2714
2905	21
203	18
1123	43
2593	8
22	2058
38	1279
8	955
1141	1205
414	2141
192	1583
125	21
1194	38
21	80
58	348
743	1397
1325	38
21	1497
203	476
21	1491
4	2625
251	284
1325	436
4	2623
281	21
1132	663
8	485
12	607
6	1970
6	1971
6	1977
424	82
371	1946
8	2740
105	1265
117	112
889	184
119	1381
24	2673
16	968
244	419
2133	602
119	419
1407	17
2903	21
1204	397
22	276
1224	1225
424	347
414	1142
21	381
105	424
521	316
63	2949
492	14
390	38
1161	38
50	4
6	1396
6	1397
6	1394
6	1395
2127	14
6	1398
6	1399
2269	24
650	58
1466	97
530	1380
415	144
16	56
641	1938
14	440
284	194
2776	119
419	2525
38	2843
2165	22
2165	24
8	2952
6	1022
6	1029
609	610
2	43
4	237
500	972
2438	54
21	541
22	1359
21	233
6	2284
6	2286
2274	2275
2821	43
6	687
6	685
1864	38
784	38
323	6
45	264
144	1582
1605	1606
1464	883
21	2680
1842	6
2348	43
453	454
4	1960
24	230
45	1610
1037	38
1053	6
1162	1013
866	17
2774	17
241	1467
2035	8
1593	8
442	251
478	58
189	6
645	1769
1554	81
24	1509
56	491
22	2336
1829	17
463	105
463	1850
1655	21
185	1181
69	184
24	942
4	2466
1903	14
2843	81
666	44
226	4
10	1113
316	58
2249	984
405	1562
720	721
144	2349
2188	44
419	814
539	6
917	21
662	2412
833	58
1635	10
2437	1444
1635	17
1120	21
184	61
371	2575
2772	2773
1724	4
368	8
43	2945
1773	21
1499	123
38	2776
82	1004
43	1941
1399	119
1546	119
10	2643
556	17
1345	21
641	1992
247	62
247	63
419	1693
4	1362
14	326
526	24
798	21
419	1698
386	387
4	40
8	1150
1078	58
789	934
4	49
83	90
2612	485
877	21
677	14
877	24
1469	6
4	1185
1786	251
4	1183
2051	8
1020	1021
597	17
38	1043
2431	58
803	959
81	1685
6	1568
834	21
514	62
954	6
242	789
2373	386
2149	132
1930	17
419	2360
955	58
171	2886
1213	17
403	381
42	531
90	158
1992	1993
6	1709
6	1702
58	14
6	1706
1055	233
992	43
24	971
663	2830
419	2315
6	231
2086	233
6	235
24	1978
8	738
2635	17
860	861
2113	105
775	1629
1290	8
2676	58
421	14
421	16
1109	480
62	2892
2829	663
1644	6
6	2224
923	21
340	352
44	46
439	958
1425	21
414	663
10	2051
1724	14
14	119
305	1152
6	2547
1388	101
775	24
226	227
39	44
387	1031
417	450
233	2068
87	112
109	25
109	22
305	306
371	372
62	729
304	8
4	914
4	915
17	1169
16	1543
4	912
440	24
49	21
440	22
925	1161
1528	1529
1466	191
2463	457
2665	541
24	38
24	36
56	57
24	34
16	377
6	2137
6	2136
901	58
483	14
483	17
109	6
534	24
534	21
544	24
190	191
442	1752
96	6
336	272
1728	132
43	814
2344	38
2869	47
152	21
482	2
691	390
1810	58
121	22
729	1637
312	1014
21	1659
162	112
21	1128
21	1127
21	1126
13	24
21	1656
38	684
13	21
883	6
251	772
1896	1897
766	244
43	724
251	779
1189	21
8	930
462	17
1852	2048
1852	2049
2721	478
58	361
306	21
868	440
553	554
796	797
2468	17
4	2605
2108	641
856	228
4	2600
44	1258
1019	38
585	1464
2371	24
6	1959
17	2086
122	1697
2516	144
144	2405
6	1952
460	69
387	940
38	1213
561	485
2664	8
410	10
2704	2705
4	2325
62	2626
257	248
419	523
1509	6
22	251
2459	680
623	14
783	1135
274	275
1759	942
43	1083
168	21
937	17
1161	10
390	17
2823	43
2105	666
40	1575
1023	16
2272	38
1561	6
14	464
986	2169
47	2969
434	485
2475	38
354	355
711	712
419	796
419	795
419	792
419	793
1824	21
2029	2030
105	2064
105	2067
6	1048
6	1040
6	1047
2223	2033
184	1302
21	219
21	215
109	487
2300	62
886	6
53	239
21	2604
1640	62
2802	144
4	579
1486	1487
689	128
2422	2475
1553	877
58	2465
1973	1974
14	1639
501	8
1571	612
530	21
38	1847
38	1842
2348	21
1019	112
419	302
725	726
38	284
478	1175
4	743
2	63
4	746
1368	12
624	21
520	1160
691	144
2152	43
2557	6
1901	14
927	645
311	797
1369	58
284	1598
24	1564
2743	21
1659	282
184	874
184	876
58	2234
105	1873
105	1872
785	38
229	17
24	962
229	14
1166	105
686	6
4	2450
38	820
1872	1766
95	17
2623	162
10	112
65	24
65	21
14	2280
17	658
17	659
17	128
520	468
369	370
126	6
485	2546
353	658
84	58
450	62
387	775
463	82
90	81
2496	8
2493	318
881	909
6	2094
2723	58
253	211
121	114
43	2213
8	1397
2518	38
1230	612
2748	17
6	2457
1683	21
608	2348
24	617
2356	229
24	615
2283	58
442	6
6	2891
15	615
197	21
6	2895
4	1347
4	1430
4	1345
4	20
79	21
485	58
1439	6
485	56
135	136
2565	510
21	1352
909	1872
593	689
105	383
105	381
105	387
419	493
2514	17
83	507
2500	56
6	1540
14	1070
1029	8
1954	81
912	58
1213	144
2923	311
1663	21
735	485
735	483
189	38
57	58
14	1383
14	1380
63	1979
1897	21
2413	90
6	1723
264	265
38	312
838	6
9	586
2114	144
21	918
2242	58
505	21
24	1956
9	24
1063	8
47	1020
25	6
1017	789
485	478
2620	21
22	934
22	936
659	10
311	109
485	1575
251	2283
53	2607
105	657
2389	38
105	123
105	122
105	659
519	734
14	1925
14	1923
38	348
21	2031
2347	424
1462	162
38	612
10	323
69	17
69	14
4	681
6	2560
419	1819
21	662
21	663
6	2567
4	2224
2760	2761
382	17
693	242
2537	144
6	253
641	1071
6	254
6	257
6	259
6	258
1796	24
267	144
203	2508
1689	81
13	1176
986	2219
442	1393
93	1401
1360	14
455	14
13	505
94	87
1342	10
6	2810
1945	21
6	2158
2918	961
821	822
506	1495
109	1259
2112	21
109	1926
284	1104
43	291
82	422
1490	2279
2834	1661
1551	278
76	22
58	169
1741	8
1869	58
641	40
970	21
2320	419
256	58
2397	21
960	14
21	1102
2644	24
476	926
1580	229
2	485
203	2252
6	1813
1627	81
1321	1503
322	105
112	113
577	578
112	119
1807	21
960	6
2320	44
722	723
698	244
24	2323
24	2320
1465	1374
658	87
669	14
663	520
2019	21
96	159
1925	17
205	1691
1598	478
38	1239
347	229
144	14
1666	144
387	69
909	1192
56	43
1557	233
22	238
4	1087
1985	485
22	1705
22	232
22	233
414	303
1987	251
1148	1149
1291	17
419	961
540	184
6	2715
171	1204
352	203
4	1662
62	1615
374	671
2805	2501
8	1616
663	2313
16	251
38	1498
717	718
119	105
659	247
1744	8
72	10
1277	1278
1395	144
38	112
24	1892
65	184
2544	1209
1548	22
2226	17
1548	21
90	295
337	58
2572	520
14	1716
445	58
2547	8
789	21
1045	1046
76	940
2	177
1368	38
33	21
6	1066
38	899
90	478
2162	21
463	497
851	43
424	2419
342	485
529	38
570	1686
1193	21
809	38
253	21
940	941
145	119
8	4
8	6
43	194
8	9
43	191
390	771
493	144
1167	6
1891	24
636	1598
627	24
21	30
1030	14
934	6
1587	1793
2903	17
1811	24
1795	1636
713	144
38	2859
1872	1744
442	424
17	1644
2375	38
184	587
907	323
58	648
107	24
478	16
403	8
252	6
24	2792
17	109
2870	2871
645	412
17	105
1772	2162
530	2591
1353	1354
486	17
2223	1466
13	1340
4	1875
4	1874
4	1877
24	909
4	1879
742	14
2062	17
14	105
2844	2845
1988	342
99	21
19	81
585	671
995	38
2219	144
284	247
2237	21
419	850
24	636
2484	8
525	21
62	1727
1158	17
1056	894
823	390
783	578
733	1017
314	387
528	93
485	38
166	58
2204	21
14	2298
43	2233
21	1374
1032	24
41	22
1396	146
637	17
22	2862
1599	112
14	1014
1079	8
6	1522
6	1526
6	1528
2442	336
14	610
899	6
1200	21
4	1418
637	2186
6	2574
955	17
90	660
37	38
2302	58
2898	24
657	244
2313	21
34	14
6	1298
63	942
6	1292
1318	1319
6	1297
6	1296
38	2666
119	1571
949	21
1181	21
58	2057
693	21
1540	21
284	876
24	1935
1236	24
671	424
1086	4
2714	2829
233	234
144	1024
2058	38
471	8
105	106
1699	14
178	58
928	4
674	8
62	458
265	21
62	451
913	17
1742	81
852	2029
17	1437
4	410
2590	144
109	62
21	645
6	2502
44	1008
6	2500
63	2106
1636	94
162	1920
97	2177
406	16
6	900
6	270
4	403
4	408
431	105
381	1931
381	1932
41	6
1986	21
2015	17
2381	21
159	17
959	1659
478	463
1066	184
1950	62
8	804
387	323
659	1230
2587	14
219	81
537	1008
2627	1450
1050	410
2395	419
43	2793
442	1798
144	145
1629	14
2443	38
84	1326
744	109
492	112
114	184
694	58
801	105
1870	43
81	2
81	6
81	4
854	855
1152	2899
14	2591
2487	8
440	441
13	381
76	43
1510	1511
459	21
1049	387
586	105
169	243
763	1480
54	2664
54	1647
1137	8
239	240
781	641
1587	1588
2033	2034
2126	8
208	184
4	2642
4	2641
2506	2243
4	2645
4	2644
387	634
520	58
21	735
84	121
2232	162
1873	43
578	4
1495	2174
612	132
764	43
1176	1512
2857	478
17	371
1780	909
537	58
416	8
43	1844
478	2378
67	24
44	272
636	693
8	2857
615	14
329	4
2412	21
56	25
1573	17
390	58
2	2672
40	94
8	1589
424	570
251	1387
659	1376
62	97
2604	311
6	2778
233	392
2101	21
120	21
2571	518
16	278
322	169
486	2
2495	2
348	741
8	1635
348	2019
371	1660
1208	21
607	21
2526	17
336	2012
109	110
38	2853
1554	21
172	58
16	1718
1391	2135
16	2336
43	1661
14	1229
6	1884
636	437
1783	1784
428	14
2070	17
2566	58
478	1854
478	1853
352	229
1220	1221
860	17
1428	144
1537	688
648	386
312	737
1799	21
715	12
8	659
715	14
2	112
248	17
371	2755
8	656
4	2006
789	1768
1599	6
702	8
2	21
6	65
6	1082
6	1080
14	24
2654	8
2964	81
203	386
1753	38
883	1881
21	1924
24	1213
463	162
165	112
541	1664
1373	1611
787	14
12	251
436	909
2255	76
495	377
1170	24
2489	1718
21	2200
248	4
2856	4
21	2209
38	1357
763	55
387	1209
2	387
1438	485
38	864
38	865
1858	21
387	1755
1325	2226
282	442
82	658
68	6
14	2455
2406	38
1278	988
1816	21
84	17
2712	21
1216	24
262	435
1808	17
1216	21
184	88
1447	21
1491	2301
21	2164
165	14
2223	2973
926	419
24	380
24	928
4	1859
24	439
541	211
366	21
24	926
127	17
24	920
1301	58
424	763
88	133
628	2
2830	1444
10	2080
24	2799
424	466
62	1700
1138	8
17	162
24	659
14	2109
24	650
17	169
1136	483
1967	17
348	195
34	1018
1406	21
8	1139
485	17
353	1475
877	81
166	38
663	1885
2462	883
814	815
1693	2898
21	1319
1972	105
303	14
2385	17
63	386
644	278
1639	81
22	2802
355	21
22	2804
22	2806
65	1246
38	1571
284	2141
17	2479
999	14
414	1861
6	1506
6	1505
47	2009
2345	2346
2613	2614
390	925
2324	14
955	38
997	105
508	353
2	348
4	2924
162	2693
541	2147
1653	14
1773	38
768	769
127	105
2158	8
43	2875
22	688
691	21
1527	17
845	233
2	96
283	2770
1250	1251
380	2736
1495	1490
366	424
1932	17
69	1078
81	162
521	339
81	442
132	14
608	185
22	1132
1418	1384
22	971
22	976
294	648
105	162
602	1636
352	2090
371	2814
435	485
14	1963
14	1961
14	1964
6	2524
2147	43
22	1055
296	8
6	2522
1183	21
6	2528
21	628
2245	1615
155	745
715	38
21	623
21	620
113	44
24	1916
423	17
1169	1161
6	923
6	922
47	1563
4	429
162	22
4	423
336	2223
109	658
2330	43
1331	47
317	24
883	40
478	442
1214	1215
822	21
1274	953
21	2565
345	2809
511	81
2737	2738
2233	58
14	2823
380	17
409	387
1998	17
22	2239
109	1219
1978	14
2385	62
1624	1625
816	2
247	21
266	21
256	17
2239	353
330	1486
13	43
21	1140
2323	21
247	24
44	2679
1907	4
22	2587
278	279
2012	17
521	1141
2	1793
2440	1858
1625	21
354	2727
58	695
520	521
413	17
167	168
251	864
387	615
1744	1745
278	419
284	2441
2783	144
525	8
21	1594
69	97
185	2028
17	311
583	24
738	24
967	21
419	530
842	17
191	189
43	2114
940	87
419	1281
412	413
22	763
742	144
107	21
24	2583
4	1593
4	1590
2968	2271
155	4
1021	17
322	14
1806	21
2137	17
381	2361
1851	81
2251	121
2287	2288
555	556
47	2274
1031	17
6	2757
6	2754
1674	16
2259	1450
170	21
348	768
826	8
123	387
882	883
2410	24
1132	1661
228	311
8	1652
613	58
485	229
506	14
521	522
922	244
812	197
196	81
922	58
43	1643
43	1136
38	1636
199	144
233	1363
1514	2014
2554	38
8	514
311	97
8	511
8	512
24	8
1596	21
1466	17
24	3
1574	17
6	1312
24	4
24	6
641	1751
1948	909
485	132
1769	357
109	1042
17	53
2176	1488
340	21
24	1057
1694	1695
24	1053
2907	8
1400	167
20	21
251	2108
272	90
24	1586
21	2192
1302	1519
2050	715
6	714
6	716
2614	2615
6	711
2335	21
1421	1422
532	17
184	814
1267	21
1267	22
791	17
346	347
1553	24
743	813
2591	17
1553	21
1424	8
863	17
2018	2019
1868	81
1105	1106
90	923
38	2811
244	21
205	2351
244	24
2422	24
149	21
15	17
15	16
284	58
931	932
22	1936
513	184
783	2612
57	1988
463	24
463	22
348	1610
69	105
1451	1452
6	2032
2957	1282
650	233
24	418
24	419
105	1810
13	735
4	2264
2469	21
8	1330
794	8
24	2774
8	1339
24	2772
82	57
2512	21
842	1491
284	285
22	2869
82	58
1491	428
21	783
22	228
4	1091
14	2128
21	1089
17	144
715	1444
1723	81
42	21
22	2540
24	2111
8	1486
24	2113
2709	21
2713	25
458	25
166	17
541	891
46	8
83	14
323	247
1491	763
21	1881
21	1331
6	513
814	836
2753	62
4	129
1793	424
17	1854
2167	14
8	2682
390	62
1822	81
2040	58
424	565
47	2060
1273	17
855	81
162	205
642	376
184	2722
1455	909
552	6
1038	2
2868	6
2071	2570
211	6
2828	21
211	4
730	24
4	2903
2125	21
6	1781
183	578
6	1782
6	1785
58	97
6	1786
445	446
231	17
1282	1283
1137	58
1862	21
24	53
1757	21
1474	21
2210	58
485	144
1118	8
251	1643
244	112
602	2219
251	1649
2780	6
81	424
1859	478
233	6
105	140
233	4
14	508
14	507
419	2425
189	58
850	17
424	1230
1453	4
984	58
6	1121
6	1122
4	627
2043	6
21	356
21	352
21	353
2413	2414
146	21
6	942
419	567
2333	1659
144	6
2033	1931
144	4
419	2397
348	2220
16	1343
390	641
789	1513
1708	24
109	639
109	638
2549	552
2419	419
492	483
30	6
790	791
94	62
406	112
284	2
686	43
803	38
14	1943
611	937
178	14
2528	251
38	670
2414	6
16	262
1629	58
6	364
641	1597
520	1045
419	158
56	578
1915	21
387	262
43	233
774	1274
14	493
371	457
4	993
1111	419
24	882
295	8
442	578
354	2122
1643	485
419	2734
1778	184
2471	2472
756	757
2	424
1995	21
2809	21
1631	21
1288	1289
787	112
80	19
2624	21
2107	21
229	1341
58	812
397	62
599	8
698	229
251	884
251	881
705	8
109	2764
1106	1107
2795	2904
17	336
17	334
10	943
2121	1466
220	1101
2519	14
1059	641
2074	2075
424	688
2116	2841
43	1803
2672	24
1470	1471
1988	241
347	247
55	21
578	763
2787	43
1917	1659
14	750
4	1021
4	1026
477	478
4	1028
2874	99
424	531
8	1405
47	511
300	58
623	90
2083	10
24	233
371	1749
424	25
810	811
424	21
24	1931
1257	17
464	458
1928	1393
8	1679
38	90
458	22
233	97
840	841
209	2268
658	24
658	21
2973	2974
1581	144
2916	184
2892	1333
371	2408
1155	17
2342	17
2660	2237
1332	58
1050	1051
1718	2568
90	233
42	144
8	573
807	808
8	2098
394	44
384	21
751	24
171	1262
6	1334
505	144
1216	2872
570	284
655	8
405	2228
269	43
1415	6
2429	784
929	8
463	348
33	81
4	298
2616	76
463	431
8	2662
233	689
536	17
1142	440
272	77
387	381
58	2202
2114	912
339	1551
387	388
2804	347
2	1098
1984	485
777	778
1634	40
663	123
1302	38
2422	233
2762	316
2108	6
671	17
25	1907
515	989
162	1575
775	505
524	525
359	17
128	1044
1791	8
90	907
371	414
521	758
22	1950
2131	446
10	191
131	132
1641	8
2266	17
625	69
58	651
1963	81
6	2015
2078	2079
1305	278
76	303
2276	2
1219	105
8	1316
1921	6
345	727
814	1815
679	21
2237	81
14	2144
24	698
24	690
1923	21
6	7
1383	21
1850	1111
42	43
185	206
2563	21
10	1718
1173	21
183	43
1165	21
58	717
2777	193
2350	8
2270	1615
1044	105
22	2790
1703	17
2832	105
312	313
6	2909
2164	17
744	2
792	493
72	8
388	14
8	2667
2040	76
81	58
81	59
352	45
347	183
485	381
1319	278
2577	184
127	144
1037	21
154	155
1037	24
533	534
10	2622
1321	6
1672	406
119	1514
43	2832
21	990
21	991
1646	54
342	4
175	6
6	1075
691	6
1243	1244
1233	1234
21	194
22	1176
22	428
6	2656
318	2391
6	2652
22	422
69	2692
528	387
1227	8
4	2968
1387	483
367	2
401	402
473	1165
1957	24
759	348
21	371
2916	8
21	374
6	2291
688	17
21	2741
6	967
419	507
56	1439
17	82
6	2493
2254	21
1028	94
1428	247
14	2961
1109	352
159	76
1772	304
156	8
1919	24
4	608
2522	1600
24	1207
254	24
126	1556
6	340
6	346
6	345
43	210
544	81
162	424
190	424
24	1629
284	1676
44	2511
934	21
211	542
2142	485
94	8
442	598
24	865
440	1401
105	76
1685	424
16	1814
4	2371
1845	1846
2349	2448
1508	6
530	146
166	2800
8	390
2480	1109
825	24
982	119
2353	8
78	38
76	117
17	539
2088	2089
973	87
43	58
2586	17
96	406
444	233
8	1878
371	2231
210	119
1121	8
6	2940
466	38
2368	8
2529	485
38	2037
2229	8
93	58
595	322
602	997
6	939
1793	22
353	58
58	384
2322	21
1661	17
106	233
1688	8
4	1556
14	959
188	21
184	1772
1326	17
1578	1053
326	17
938	10
123	4
646	17
251	356
1187	17
1422	21
14	2427
227	683
507	17
21	1279
419	770
419	773
2137	121
1337	24
1691	8
10	1105
10	1103
1237	14
8	1692
2799	19
356	485
38	79
38	76
2146	62
38	74
507	24
81	233
386	21
1188	21
38	1678
1588	8
8	551
97	1270
983	984
43	1172
97	1279
1382	6
6	1353
189	244
6	1358
83	392
42	162
17	6
863	24
626	184
424	1004
630	631
238	53
419	2217
6	1189
70	71
739	740
2230	14
58	2199
1940	485
979	6
463	419
8	2348
2697	941
441	17
348	1870
1071	4
8	2345
167	2112
109	424
6	99
58	2221
1876	58
119	1852
14	2842
2223	17
2943	1866
493	76
371	783
6	2461
881	229
1659	12
1659	14
10	466
6	574
1608	24
194	6
271	8
497	1851
371	435
2895	21
38	882
2708	2709
38	557
38	886
662	162
881	436
2945	62
12	13
21	415
2247	8
22	1975
1786	43
21	419
1760	24
6	753
39	1804
641	4
51	52
1659	485
424	2722
2738	81
1530	8
1811	76
6	2071
6	2078
2887	58
392	24
6	1204
24	458
24	328
2702	14
1666	21
353	144
21	2260
43	666
57	247
1809	38
2321	8
1060	1061
126	17
1381	21
483	2
8	1997
483	6
1924	485
2789	17
82	12
82	14
82	16
1179	8
406	424
162	659
1059	419
1158	8
40	1919
262	325
1617	1618
1564	10
2418	144
1564	17
1719	21
10	1733
2124	21
614	24
183	336
1271	21
1762	8
1770	105
1572	21
530	883
1749	485
6	2920
6	2926
352	63
22	283
17	272
693	1175
663	664
419	1655
81	38
14	894
62	2278
120	190
1884	81
381	382
1566	1567
1077	578
1091	1092
22	628
2476	21
22	625
414	998
858	659
22	192
22	191
527	119
105	329
227	1380
560	14
1483	21
229	47
1483	24
535	536
2853	14
445	144
1639	21
651	652
641	2363
485	109
1445	883
311	6
311	4
17	2549
327	24
2363	1370
38	1682
21	178
1325	119
39	40
21	177
14	549
39	43
22	445
6	2675
6	2676
6	2677
419	699
1525	17
105	183
1264	17
47	309
1409	691
1008	17
189	94
628	38
1201	1202
315	17
6	1168
2663	21
6	2581
1980	17
96	1282
909	73
21	311
1931	2840
2835	105
348	959
21	2897
1707	144
2177	2663
419	2684
414	83
2273	390
14	1183
2096	2097
251	1686
14	1637
14	1634
17	62
17	63
906	17
160	161
2661	8
594	17
579	8
1652	21
1769	783
94	21
944	2
1009	21
589	21
510	2566
248	43
21	2095
14	47
1583	21
14	1980
14	1983
767	768
1338	17
1615	693
16	680
9	21
742	2506
85	21
442	602
635	17
1019	387
43	274
419	2020
24	1609
6	176
2132	24
806	242
2827	233
58	9
1560	21
4	484
189	2299
242	12
128	129
641	642
343	256
59	8
2	1666
38	944
4	2312
2	1661
105	58
4	2647
825	40
908	229
355	2424
1406	657
34	562
185	766
7	8
17	519
118	119
280	8
2022	244
43	499
2093	2308
2680	6
2238	105
6	2307
82	480
2280	1343
210	138
17	114
302	24
512	797
2585	105
1132	390
14	2116
21	1565
1612	38
1813	144
858	1632
898	24
284	506
2424	211
24	271
1207	913
371	8
4	1579
251	371
938	76
2536	21
2425	228
941	6
282	283
371	4
182	159
1931	2690
1938	185
735	14
1327	485
424	69
1544	14
21	1704
942	140
43	1375
1761	1251
541	1665
38	1479
419	754
12	1604
797	2267
58	2521
865	58
900	901
17	41
1301	184
17	2373
695	696
58	504
1144	24
748	749
6	2654
162	387
22	297
162	380
940	21
2	266
1881	764
908	63
2337	322
641	2824
552	44
6	1800
6	1373
519	21
4	1687
976	925
889	21
4	1688
128	130
1955	112
636	2422
2501	21
1916	14
2060	2061
8	2369
605	21
1943	58
192	193
814	774
687	17
1576	14
1283	6
1775	62
14	1843
784	2
352	374
352	373
427	21
542	397
2147	58
21	787
475	17
6	2449
237	17
648	190
6	2443
71	6
505	767
419	1911
772	229
6	511
1718	1873
2387	38
6	514
6	515
1049	6
6	519
4	344
4	835
4	341
4	831
1136	1693
1803	1014
907	383
76	2341
13	466
1467	244
2200	2201
21	439
474	21
21	434
21	431
1322	8
641	879
1537	468
858	6
90	43
405	1816
90	44
956	21
581	17
1937	641
10	419
2672	21
6	2056
6	2052
771	244
892	8
309	62
52	53
43	649
2504	12
2264	2265
945	81
2393	510
43	393
2104	17
43	645
922	808
529	483
748	2215
82	38
34	229
2915	578
442	419
582	14
14	1000
936	6
112	6
92	24
2873	6
21	1
936	611
21	4
21	6
21	8
1390	1901
2972	2223
2867	485
1900	1390
601	14
2967	21
43	2788
4	2501
444	58
1539	44
1539	43
24	2245
371	2377
855	62
2820	247
4	139
132	4
132	6
2673	109
1065	21
105	1470
6	525
61	6
485	2416
1645	17
480	38
814	2146
814	2141
278	4
278	6
260	17
21	1934
22	602
2465	8
81	374
1558	377
4	355
803	8
1912	17
395	424
424	455
103	116
278	24
1048	81
493	1207
1635	586
24	41
6	1499
184	2129
6	2611
2164	590
22	466
81	112
22	468
16	422
4	1218
16	352
1136	774
2366	478
58	2748
119	556
21	840
2456	21
112	1807
752	144
400	24
1548	105
2752	58
17	44
8	454
688	58
17	47
8	451
590	17
666	390
478	371
189	167
641	2343
959	21
959	22
959	24
1198	8
318	21
24	1194
24	1196
145	737
1057	8
179	8
38	389
2846	2847
14	63
14	62
6	1633
6	1144
6	1149
6	1148
4	646
4	131
6	655
6	654
6	304
1855	14
434	38
17	2941
6	308
715	406
169	170
889	87
663	1585
1549	2422
1021	424
6	2876
371	576
371	575
4	2338
38	966
105	36
4	2335
387	1327
242	659
10	233
43	3
43	4
43	6
14	621
56	444
43	17
43	14
429	430
2837	21
1225	24
1403	127
1450	17
1072	4
1072	6
1680	17
1018	162
1101	21
1936	96
933	21
858	859
167	1651
2407	419
2523	21
2338	24
1107	81
93	94
799	58
497	21
863	8
4	2339
76	155
24	175
69	404
3	47
322	1397
414	2
16	2766
21	251
545	546
1871	21
1851	641
307	730
2511	105
126	1190
442	1832
1309	194
14	2460
14	2467
43	2053
339	24
43	1317
871	58
843	8
2085	1456
38	1321
2517	233
458	1903
1951	144
458	1901
1248	1249
10	1417
923	8
658	43
1379	14
408	17
39	787
905	906
21	1620
940	1539
636	637
414	1492
419	1207
370	76
1858	478
435	21
435	22
620	14
539	727
908	44
191	2244
58	1502
14	1286
17	933
1785	21
2524	58
6	1826
371	38
2053	17
2929	2930
4	2332
485	424
715	233
435	6
1078	233
1819	43
719	21
14	532
2543	21
2764	105
191	21
371	814
38	2436
219	8
2240	233
1416	17
38	2430
237	505
485	663
532	478
1616	21
2849	676
1628	21
342	44
1216	1948
10	428
981	81
691	2258
10	421
111	105
1801	1802
137	407
323	17
323	14
6	530
6	827
6	824
6	533
6	821
520	940
4	368
1875	17
2838	21
22	1246
1536	1537
6	794
1175	6
147	2115
2650	21
6	799
47	75
38	772
58	2266
3	787
21	1017
38	779
21	2110
345	1836
424	2093
2959	144
2520	483
636	2906
24	366
1988	1989
1109	8
2931	21
1109	4
1109	2
2428	485
1281	17
38	596
1049	763
10	14
173	174
10	11
901	144
21	1004
21	1008
233	2833
1349	14
62	114
22	2442
4	2297
387	412
40	119
641	233
478	785
778	710
1665	21
8	272
578	38
183	184
59	119
476	2835
1327	45
663	1828
587	144
24	1409
926	44
611	2302
2698	636
9	119
151	17
1937	69
45	2542
278	539
2174	17
425	14
789	422
2320	126
105	1907
1014	1981
2073	21
17	233
63	185
17	725
17	726
2170	38
880	645
1571	24
1488	1489
1701	17
615	485
1222	81
743	1344
22	666
63	988
251	236
1908	1909
424	439
1411	21
424	434
6	2965
12	748
63	65
63	64
4	1490
22	57
22	56
184	2103
22	2670
22	488
1482	21
14	580
21	138
6	2630
6	2631
4	1238
493	2087
6	260
6	917
264	2512
982	76
21	2933
21	2932
228	233
8	1775
21	56
21	53
21	58
2711	2712
21	864
1630	247
1262	1263
21	680
2114	38
539	390
360	58
1498	62
21	2851
38	1158
8	473
1135	1136
980	16
17	24
2400	419
17	2054
419	1070
419	39
2561	2562
2006	58
105	727
1081	1082
2860	17
21	2580
830	21
2694	21
24	1175
47	1801
24	1171
2920	2921
4	116
1512	17
879	40
490	56
1473	1474
2740	76
14	1490
2603	8
1401	6
6	1614
861	119
6	675
6	674
2267	21
2530	81
114	69
6	2499
492	62
1730	1054
497	105
206	1894
105	10
1528	21
105	12
6	1063
397	10
397	17
2	1628
1496	21
678	17
1247	8
6	2487
2691	17
387	1307
191	1659
1600	21
2485	381
1849	10
729	21
511	21
22	1382
772	419
43	38
1705	715
2177	21
799	262
507	21
424	2379
1175	14
1466	371
345	1174
1209	419
874	21
6	2394
2531	87
6	2398
2901	1626
1024	1025
1331	485
24	776
69	244
1453	44
424	601
316	81
910	21
2436	485
284	1041
90	2228
2841	38
1146	8
411	40
541	738
24	119
1336	58
1879	8
24	112
807	2130
2223	478
540	24
322	925
1485	119
24	2526
381	1767
345	532
347	38
1887	21
1036	1037
1543	14
12	1391
227	159
24	1331
2632	21
608	1370
13	968
925	221
2140	21
76	1086
2578	8
177	2383
611	17
43	2423
177	2388
10	1434
1532	21
1254	1255
865	17
1244	24
38	1300
56	847
58	235
169	754
680	144
38	12
38	14
38	16
1592	21
105	1020
2168	655
44	587
4	2714
1265	21
883	1465
608	609
4	2718
8	860
2253	21
2182	6
1235	17
1917	17
641	2861
675	2212
17	917
371	58
366	505
188	935
1819	21
1529	24
14	640
14	641
307	62
1047	24
2258	390
414	2541
1051	21
184	8
38	2456
6	1266
6	1267
493	17
4	569
6	1260
6	1261
4	564
4	566
6	2401
959	2022
1198	184
1752	524
2446	485
6	801
6	803
1314	244
726	22
132	1454
2936	8
424	1069
123	21
123	22
1206	230
4	301
518	44
16	2167
4	302
4	305
4	307
21	475
184	1076
184	1072
1354	21
465	24
348	530
348	2147
21	2138
371	763
442	1852
21	2133
458	934
21	2134
377	105
1459	1374
1745	24
2315	24
185	626
789	1360
24	348
24	345
4	1891
24	347
336	406
24	1787
2922	17
43	354
185	2927
2069	528
2865	43
112	788
284	1443
10	38
2119	105
10	34
6	114
1213	636
998	17
500	47
2367	641
6	118
410	56
353	387
2186	24
552	1780
188	693
6	410
1111	883
1823	44
951	21
1787	4
754	17
2081	21
578	17
10	4
10	6
2339	8
936	2072
2722	144
481	184
580	38
40	213
742	485
2091	2092
162	1217
377	21
1335	1209
8	1973
184	922
121	919
855	21
6	2794
619	17
2628	8
419	2351
347	109
446	62
1393	505
366	881
2618	21
6	2184
6	2183
6	2180
6	2601
22	1466
22	1465
24	1718
482	233
21	1976
424	414
21	144
550	8
8	590
1141	17
1902	14
22	36
101	63
184	2119
435	390
2640	34
352	4
352	6
2435	6
1515	58
21	119
44	1827
1128	1129
44	1824
1567	541
16	468
1695	21
24	925
234	21
16	466
419	676
229	58
2818	17
99	184
1218	21
667	40
1634	17
69	123
1391	1392
1914	8
2733	1886
21	76
366	2531
419	583
1804	105
2114	14
419	584
21	802
21	803
8	419
24	1393
316	1775
8	411
1706	193
2102	21
630	4
17	2072
6	1459
6	1458
17	2076
4	1227
6	1451
6	1982
6	476
6	471
6	470
6	472
119	485
1346	24
1879	21
21	2900
4	173
6	1185
6	1184
112	578
235	105
6	1180
1436	17
121	1738
6	1188
96	10
857	105
6	1673
904	14
2448	539
1852	1634
6	613
419	2737
284	908
2020	1216
2173	233
2138	6
840	2
715	112
663	1096
381	2831
840	4
2840	17
105	282
6	26
6	185
251	2390
2886	21
1636	436
21	41
146	8
2570	21
1931	17
24	2316
763	620
1495	159
1014	424
435	807
4	790
511	43
6	2214
6	2210
6	2211
2155	17
6	2318
1456	1457
296	22
442	840
24	262
1718	14
663	1631
262	284
1491	2400
2316	8
381	1841
2845	6
2486	165
747	748
1279	101
1279	105
13	366
24	284
1628	499
130	93
1603	21
1228	698
1069	419
1785	154
24	133
1210	6
1446	21
463	458
43	162
76	662
366	1359
261	43
43	169
10	1984
10	1636
371	2817
228	162
1756	17
1648	21
483	1444
2340	17
13	943
21	1765
81	2598
1132	485
97	1141
8	69
2	2070
8	61
272	671
8	67
1241	1242
473	474
1924	4
1458	8
361	1621
419	1711
419	1712
24	2017
2610	2
2630	21
1341	17
18	19
2859	17
1259	105
8	2033
105	241
1839	1840
2812	6
568	4
871	17
763	6
65	1674
38	1369
2782	81
331	332
1768	17
1493	1439
2129	24
212	40
405	406
14	626
14	627
14	624
22	1617
2723	2724
1594	81
233	1495
6	1241
191	2827
1511	21
6	1247
6	1248
1160	17
1207	1664
2726	17
6	862
6	863
6	860
6	866
6	869
2741	2742
540	541
209	210
347	2
1729	17
937	8
631	632
21	498
21	492
285	8
2386	105
38	115
493	38
14	1355
14	1350
1614	8
458	1507
2683	17
2595	8
439	6
1132	58
439	4
6	286
6	280
318	105
81	2063
387	184
82	6
387	189
43	371
43	376
4	893
1575	2372
348	1304
258	62
348	1302
663	90
10	50
10	57
10	54
828	62
2669	8
6	135
343	17
81	1907
6	133
2817	2
251	904
1163	1078
4	2254
4	2255
2779	40
2893	6
105	1635
436	233
1643	62
1585	21
1185	21
167	90
1185	1778
387	537
1661	715
81	409
96	541
1171	6
1027	62
648	22
648	21
1539	21
184	492
541	2815
641	2483
24	2227
138	4
602	565
2866	229
118	233
121	424
1286	8
841	842
14	2036
2157	612
31	21
859	8
953	24
2913	105
442	54
24	82
24	86
1775	1666
442	58
90	527
740	348
123	424
1983	8
533	591
688	233
1359	105
137	144
363	2
34	8
34	6
34	4
2120	311
251	277
16	666
287	288
482	483
22	10
1457	2
8	2935
1068	21
6	319
675	910
2651	901
436	17
996	57
44	1808
519	1014
335	311
1159	38
1465	424
1982	76
2118	17
313	38
21	1952
396	8
21	12
21	10
21	1408
21	1409
21	14
541	1568
1503	119
2533	483
546	1049
478	311
1685	22
233	1571
6	1477
6	1476
2100	144
2376	8
775	2198
781	81
1211	698
1006	21
6	1478
112	2086
2219	6
419	1032
184	2636
864	440
1836	230
6	2740
84	1635
1100	715
4	159
10	623
4	153
4	156
21	396
668	242
424	1325
44	2864
2498	8
21	454
2884	21
1285	954
934	81
1519	21
114	25
1621	17
1209	144
10	568
1782	62
6	42
16	25
483	618
16	21
2463	144
2910	6
62	271
2559	17
21	2364
2877	14
21	2366
2655	21
641	2721
87	2798
244	1495
6	2238
387	1438
387	1349
135	2208
21	539
1686	14
6	636
424	191
53	2438
2194	2195
1907	2420
2626	24
1674	612
2190	641
6	2352
6	2351
6	2350
25	371
24	731
24	733
2109	58
259	58
4	1917
2592	17
1726	483
6	2478
409	1328
2122	17
2513	229
2056	1948
1716	24
634	909
447	17
2017	6
371	1479
167	1503
924	17
284	1031
543	21
43	144
383	14
1172	17
43	140
1635	445
2641	81
2351	8
282	1931
224	21
100	58
14	2485
2415	21
22	2698
1462	21
1014	21
640	21
1660	1661
1014	24
468	663
2540	112
823	612
1001	8
6	2828
599	1377
81	1109
227	2514
184	2820
783	10
2394	21
230	633
24	2569
629	21
2046	2047
62	1822
166	248
689	21
1081	840
659	251
17	409
2328	15
105	228
2602	21
8	44
8	47
414	2784
637	21
9	17
352	485
14	357
291	292
2281	2282
839	38
350	81
371	877
38	2494
69	6
362	21
6	1222
2184	2185
6	1226
4	1134
4	1138
39	21
6	1895
323	324
2619	76
419	420
6	843
1066	307
6	846
1397	62
2134	38
1114	2
1924	14
283	1865
233	752
2784	8
233	755
334	2868
1145	62
645	1465
2749	14
2163	17
16	1171
43	1733
1575	2177
4	527
357	278
2445	645
292	2160
106	38
43	317
162	544
2317	485
77	78
8	744
399	21
1017	715
424	2520
348	1324
283	2231
90	322
73	17
203	294
1888	62
1907	2854
6	158
6	159
1974	58
232	233
1	2365
6	154
1961	24
715	659
22	2446
612	21
612	22
1149	21
6	2527
575	485
1238	21
2534	17
387	1171
2215	21
76	251
2349	21
377	69
224	168
184	965
1779	8
8	1932
1298	21
22	1804
610	43
1781	8
22	1809
177	2005
167	377
479	17
38	1784
1334	478
251	783
1884	24
251	781
251	786
45	1995
645	56
1564	1613
1242	58
184	1968
578	58
16	602
1835	17
251	252
1953	6
2729	21
184	211
1511	112
308	21
2896	1558
308	24
1538	1336
771	58
14	2544
14	2016
21	2786
1579	1580
811	17
272	81
38	1754
1660	229
1178	8
1426	1427
1936	233
412	1628
43	1259
1733	38
1769	1770
8	982
2864	81
909	6
21	32
21	34
112	184
21	38
347	1681
1958	21
634	105
167	4
63	294
2019	87
22	178
743	2327
8	1454
43	1031
390	87
17	2596
40	41
390	81
10	980
6	1411
552	663
1650	105
6	1416
17	2039
185	1939
1948	58
196	21
406	17
1377	14
1351	12
2277	21
135	345
419	2884
989	21
490	38
381	581
406	22
664	665
10	602
101	592
339	381
233	585
485	1714
144	1803
38	2530
1495	1581
2788	144
387	283
58	2303
506	144
81	737
6	63
663	942
1894	58
2378	21
10	548
6	2781
6	2782
4	1172
986	2114
2657	24
6	437
6	438
119	2777
283	284
1990	1991
62	526
585	21
1881	2482
2098	468
663	1185
641	2706
2	90
468	21
6	2259
21	518
22	1325
1025	17
22	1327
6	2256
6	2257
567	1794
615	233
615	230
6	383
184	775
1430	1818
6	2330
6	2333
311	12
235	8
1279	144
827	81
24	242
16	1233
1256	105
1004	1159
14	1556
452	322
184	514
985	14
38	659
529	87
185	1335
2365	645
882	17
318	319
469	8
2550	38
57	8
8	177
1490	1496
22	2362
1711	21
537	4
1460	21
24	1924
40	2348
2580	233
278	14
278	17
359	1197
22	2149
1485	242
191	414
617	483
2455	313
211	419
58	257
222	223
19	17
40	424
1362	17
2643	14
1397	24
62	1235
14	2821
2231	14
2851	47
2447	17
371	464
21	1856
21	1854
21	1853
21	1852
17	424
2953	24
105	202
1035	1008
537	485
185	2178
2416	17
819	17
2117	21
943	2
162	2276
22	323
44	343
22	329
44	345
975	22
14	2470
4	1485
14	378
14	379
4	1335
1374	112
47	1411
1370	1371
1023	247
1019	2348
1104	21
1439	185
4	2822
1518	244
47	2852
144	90
1211	21
144	96
21	720
43	1775
21	728
1414	1415
495	459
659	999
911	912
472	21
645	4
645	8
14	1577
876	38
104	21
2068	22
227	1986
122	440
1772	406
735	419
1575	184
43	1753
2	390
6	1756
6	1757
58	47
6	1207
6	1200
558	559
6	1202
2357	2358
936	58
90	693
90	692
90	123
576	2119
2678	144
24	2173
570	371
2520	58
1169	599
8	762
4	2176
918	144
463	727
424	810
58	2
438	424
58	4
13	228
58	6
6	179
822	184
612	44
44	14
2479	2480
2439	38
24	1491
24	1493
1213	2
1670	374
975	119
185	648
571	24
1668	6
43	849
2312	162
1105	354
2939	119
2681	8
60	21
1003	1004
858	14
1558	17
696	21
293	203
1339	1161
184	986
2403	419
714	17
610	24
10	91
43	2589
724	21
1049	2426
2611	8
47	2170
24	47
347	436
24	43
808	17
2367	38
1564	1636
2171	2172
442	12
442	10
442	16
442	14
159	172
24	506
24	505
2388	1983
1431	81
430	105
1468	21
1843	38
2205	6
109	194
53	54
1022	43
1705	6
1049	22
569	2
380	381
1408	1409
21	135
811	38
21	1629
21	1199
358	58
1252	6
419	983
14	2563
125	17
11	12
43	1236
24	2627
1049	840
2630	787
2962	62
419	1564
191	425
2402	21
10	1003
2949	2950
2039	2040
639	58
636	860
21	1440
984	229
112	76
644	645
737	546
737	541
424	771
40	22
40	24
112	475
782	783
1312	439
112	478
97	1464
890	21
10	996
6	1925
6	1432
6	1430
8	2795
6	1435
6	1922
387	936
406	38
69	1495
2732	81
856	1214
488	38
198	184
451	81
2031	233
657	311
405	17
1374	14
14	81
8	2536
14	84
14	87
805	435
24	2812
22	1773
63	811
62	963
105	419
262	1417
2897	58
1942	38
505	641
10	529
6	84
6	83
14	413
1387	278
14	419
47	1332
491	485
6	416
16	62
1287	21
1926	1927
393	394
732	24
1082	8
2472	6
4	1943
1931	2914
38	457
24	1394
1437	10
4	1944
348	1060
422	14
348	1064
1175	90
446	4
6	2319
251	1805
109	764
24	261
1476	24
4	1958
2430	6
1334	21
1110	21
76	424
178	311
129	130
1656	419
430	21
658	251
2059	17
38	236
38	987
21	2419
105	96
105	90
1079	21
615	2348
34	305
1064	17
1169	184
45	1572
959	184
24	192
24	194
24	198
1215	58
655	478
43	100
383	58
262	263
43	109
1495	2250
168	162
287	81
2606	14
2679	21
8	157
734	735
13	680
2325	2635
1852	2223
278	38
1231	1232
2735	24
21	1296
24	996
1279	2459
232	17
527	8
1355	17
22	809
2477	38
1060	436
140	6
1257	262
6	2865
1983	21
40	442
184	2866
1535	81
158	296
715	289
4	2797
1999	17
1541	58
22	521
121	142
877	12
2115	21
22	529
17	442
2960	2890
1831	442
176	8
135	410
1452	21
737	1743
409	6
409	4
132	1729
14	318
1479	112
14	316
4	1315
2765	390
2951	21
21	1322
8	1450
119	348
133	196
2667	2668
21	964
2599	237
6	2488
21	960
419	1338
419	1336
419	1337
374	746
21	969
1361	8
585	22
1776	81
38	1073
1925	440
1769	881
1450	76
251	1789
14	1554
14	1552
14	1553
228	440
1169	2035
6	490
2781	21
352	446
6	1596
426	21
1397	21
485	576
319	17
426	24
398	8
14	1087
2642	311
53	1902
45	1012
47	1290
57	24
43	1771
43	1777
57	21
1103	2218
14	1333
14	1336
14	1334
14	1338
514	2937
2145	21
58	63
40	1930
6	1772
17	2775
6	1779
58	69
647	38
2674	6
2771	14
6	2412
947	1157
419	2325
8	703
2	663
1623	2903
8	706
8	708
345	2099
419	2329
566	81
2909	2910
1004	419
1993	374
251	2529
1610	21
2441	478
881	38
251	2523
73	58
925	1115
6	196
6	197
693	38
6	195
2423	38
506	485
496	17
62	196
62	195
307	857
14	1498
442	105
2369	21
2473	53
65	2557
1076	877
346	21
1661	229
2161	21
2824	17
194	62
766	8
1752	4
835	814
4	929
184	1739
1260	76
109	2373
726	14
1465	1913
24	63
74	17
1176	109
2848	1444
1653	485
1988	2606
24	62
351	352
56	650
319	2498
24	68
24	69
774	637
361	362
424	1055
2355	419
1710	419
1108	1109
1555	24
6	2107
622	21
483	63
1152	24
6	2101
76	742
24	521
217	218
14	2762
14	2763
2869	14
24	2428
17	1036
348	330
24	2390
424	492
121	12
2405	1549
1212	144
1875	121
62	1650
21	1607
21	1602
1405	2895
62	1657
1364	6
1350	1351
64	65
17	295
544	8
783	663
1268	21
644	485
38	1713
38	1710
347	2785
653	152
1861	1862
422	1632
21	1465
2736	419
2855	883
4	2634
242	1495
4	2630
147	2783
44	2179
4	2639
723	24
8	496
783	485
87	4
87	6
6	1900
1649	485
2710	21
2576	348
4	1623
304	21
2267	766
4	1788
62	2309
4	1783
753	8
692	693
119	406
244	390
612	2771
22	1752
21	886
1096	1097
21	888
2956	1409
1161	21
1657	1658
576	17
105	433
96	1265
2020	909
2426	62
1249	247
1084	1085
223	17
1932	148
1399	81
2218	62
10	506
10	505
8	1207
16	43
641	1929
324	21
14	436
1786	17
14	430
419	732
2179	17
2795	14
2639	2640
6	1011
1929	783
4	719
2319	1626
4	712
932	81
463	1575
24	2934
21	552
439	889
2303	17
6	2294
88	244
109	162
21	228
21	229
1583	17
318	763
6	695
6	694
6	697
53	419
1386	233
488	371
38	435
1391	2147
169	1265
442	2413
939	2104
2591	81
451	517
44	1231
1321	14
414	868
406	648
1766	1453
21	2382
1629	17
2256	21
248	81
410	8
478	40
691	190
478	45
1712	8
90	76
162	1019
138	2951
2211	8
1074	81
829	830
1463	21
387	352
1054	17
145	146
493	132
1907	1908
8	130
463	119
8	135
2449	233
278	58
431	8
76	1023
2169	21
316	24
38	2377
2553	38
119	2012
4	2402
1750	641
815	21
922	909
2110	1405
1559	1560
2268	17
387	742
40	463
1646	922
262	1153
195	17
24	2096
204	8
17	463
1886	419
43	2957
715	6
715	4
22	505
22	506
602	1931
21	1817
14	158
14	159
2279	17
1013	43
2942	2943
556	24
247	90
556	21
6	2846
6	2844
6	2849
675	676
123	691
1766	10
63	2894
14	840
419	1137
47	2725
1620	14
616	81
14	339
424	262
502	478
517	58
290	76
12	283
511	24
4	51
90	1795
2195	2196
1204	58
39	10
2546	883
974	167
4	1195
143	17
2509	244
2036	1325
2928	2672
1441	435
2940	105
81	541
870	871
6	1578
83	532
1172	2944
2417	21
6	1570
2187	24
2934	8
184	1988
1400	1481
24	2
1848	21
771	6
215	216
727	1940
6	1719
6	1712
352	390
227	1596
390	262
6	1137
6	205
6	203
6	200
1597	21
390	1108
660	661
1826	44
506	247
220	221
17	1465
1794	10
90	383
6	108
1132	8
1132	4
4	2632
251	2504
659	43
2717	386
684	6
2009	62
4	2281
2271	2272
340	24
4	2285
703	58
2398	424
24	2962
442	121
1727	21
2970	2971
524	419
44	2572
17	1175
2248	17
1289	735
1098	1943
1940	14
2224	144
1004	6
341	21
1185	8
442	380
727	21
2228	43
442	387
1230	419
818	38
2508	8
17	1019
1363	43
6	2121
6	2125
771	485
1959	8
8	1880
797	17
8	1228
2179	184
2453	715
1866	1257
1300	17
541	1825
144	227
862	76
21	1660
440	144
44	977
1769	284
22	2513
330	1412
22	2519
8	1088
365	24
6	104
1635	347
1143	58
414	2171
21	93
21	90
1933	493
58	374
21	97
485	909
1255	510
721	21
13	2702
580	24
986	1792
216	184
24	2405
387	688
6	2105
4	2619
1019	22
2811	6
1736	1599
168	17
6	1966
808	184
348	83
704	8
2525	2526
925	1793
1812	6
46	47
22	262
986	406
144	1715
615	62
104	2826
1397	2190
444	21
390	21
58	96
2797	58
2625	24
6	1389
6	1388
1010	6
14	458
2165	17
1968	21
14	456
135	337
540	206
559	193
6	1039
47	1896
6	1037
468	81
6	1032
4	224
4	225
45	46
22	1343
1465	2219
45	272
82	419
648	16
47	135
49	58
38	419
1746	21
38	412
325	645
257	8
515	1133
2591	62
24	229
2348	58
789	17
334	2347
891	6
615	2370
2	147
167	909
21	2454
2800	14
513	81
4	2059
663	1346
1779	244
1906	81
1983	2098
645	546
448	38
478	22
2883	8
1397	17
478	24
743	816
58	1295
459	101
373	8
1852	1564
8	112
8	114
1654	419
24	1575
754	1058
433	21
144	374
229	691
136	1835
52	81
2551	2552
24	488
2803	17
658	838
316	43
1893	206
86	2490
820	6
1514	21
38	2314
1333	2893
1734	242
1720	38
62	4
255	256
1714	21
17	663
1016	589
58	1879
2808	21
440	38
1856	2540
486	43
2343	1368
21	1747
262	951
66	8
13	1372
1771	38
97	318
2275	17
1687	17
2000	1986
1643	144
22	1501
22	1504
22	1508
2904	105
99	17
487	24
22	2655
17	1208
958	8
90	1403
69	312
1837	1838
353	6
2879	17
1907	24
43	2429
4	1355
4	1357
1466	615
8	1147
8	1419
16	505
16	506
164	165
1253	1254
2653	58
62	1538
414	1707
14	2269
21	920
21	925
230	4
230	6
184	2753
2579	424
2813	381
636	126
1117	413
112	352
185	65
1532	24
58	419
472	81
6	1558
6	1559
22	381
812	135
17	2405
999	44
2548	2549
14	4
14	6
22	122
105	663
2196	6
763	21
2	336
1444	1740
2292	21
90	146
1792	242
364	1833
538	21
144	38
24	1741
24	1744
58	233
24	1962
506	229
750	21
390	247
390	532
1356	81
147	148
2798	17
1486	2923
22	920
950	144
2666	62
586	6
659	21
814	58
1696	302
38	357
38	604
21	2020
371	109
4	695
2217	40
1060	1848
493	81
2768	2
22	1081
1258	883
493	87
913	24
6	2558
6	224
6	226
6	220
2408	2089
1710	14
289	290
1383	1384
1352	25
1692	17
701	43
1910	8
1191	106
1712	194
22	1883
641	782
6	2970
920	921
1119	62
440	17
4	2711
470	24
24	22
24	25
231	184
483	24
500	2004
1204	2018
483	21
1658	17
634	8
1402	81
21	1654
22	2287
768	1110
2809	2902
43	530
21	121
419	2331
1737	390
272	1019
76	12
76	10
272	1014
655	17
2349	1518
21	1640
13	10
21	1130
242	409
13	14
8	305
345	251
2656	1279
43	751
280	17
210	211
783	2834
55	58
8	901
2560	144
2235	419
58	312
81	1049
2816	105
663	2003
1432	24
184	2928
17	2194
90	395
405	2109
175	2931
17	345
17	348
104	17
387	950
62	2349
1196	359
36	8
537	24
1270	8
2305	2306
326	81
910	911
1144	93
221	24
221	22
221	21
1073	21
2318	53
22	1718
63	520
105	475
1329	21
656	21
1488	2469
1505	24
168	38
2066	17
774	2469
1819	1820
1834	14
157	81
58	2710
14	476
6	2700
1690	81
14	478
6	2704
2809	122
348	736
16	242
16	81
16	87
636	780
2919	703
1713	485
6	1051
2623	1169
21	598
21	599
21	262
530	1137
21	261
2216	58
21	2613
1892	229
24	1888
90	283
47	48
2592	43
1919	2780
978	21
1334	44
869	870
1334	40
419	318
530	17
390	189
2728	38
793	24
4	2071
8	682
541	421
4	2074
793	21
323	909
2872	144
506	58
4	201
2	12
2	14
4	205
4	206
2373	513
962	62
205	2582
2301	611
2086	43
94	691
809	21
38	464
390	763
2364	478
218	21
1190	17
152	8
22	347
287	22
763	1931
783	414
433	44
1733	1734
38	1164
47	807
2903	24
224	81
787	6
184	1869
1934	58
38	2337
505	1367
38	2348
896	17
162	2911
16	1947
2685	1819
373	144
2499	21
666	12
371	2765
1265	17
2071	24
672	8
1486	81
22	2497
1926	105
1947	641
17	135
1987	742
1732	21
84	43
2404	17
514	216
2156	14
284	787
13	1359
463	96
435	763
1308	58
24	976
24	975
4	1860
6	2084
43	2229
22	1529
2011	14
1248	105
787	390
83	17
47	756
424	735
2704	21
6	2887
6	2885
6	2883
6	2882
6	2881
6	2880
2061	21
247	58
90	8
62	1084
509	510
206	857
376	377
541	1428
2234	17
13	2650
4	1400
16	529
526	17
1570	233
4	18
886	887
1139	1140
485	21
485	24
62	1889
1579	578
1004	14
2282	922
1182	21
38	1544
941	112
419	481
1518	17
419	484
200	8
301	21
357	6
14	1060
940	311
1441	475
1886	1887
272	273
6	1532
6	1533
6	1530
6	1531
6	1536
6	1537
6	1534
228	390
6	1539
112	371
1440	6
112	62
2773	24
311	312
877	348
734	17
6	1288
6	1289
2713	2
6	1284
6	1286
951	6
6	1280
2947	889
1137	24
1137	21
273	2767
21	908
1423	21
1800	21
1932	24
505	14
505	17
1392	21
345	2235
2411	17
1343	4
779	486
779	485
4	1050
96	929
2969	1428
855	8
2243	21
2111	6
62	133
1577	17
414	803
205	2132
748	1608
1238	81
1295	6
69	21
641	2445
991	17
661	21
6	2579
1320	532
353	1981
2491	17
6	245
6	248
2720	641
576	668
1842	81
4	417
1673	8
1015	17
76	2273
2725	10
467	247
1461	8
406	144
2147	17
1176	162
6	2628
578	636
26	21
6	1669
21	2000
353	262
49	17
2888	6
787	144
240	2838
779	14
249	250
2010	410
976	87
522	523
525	1016
43	512
1234	1235
2198	17
873	44
390	909
2052	81
21	1111
58	150
2016	507
43	774
1240	17
242	424
2539	988
463	2512
1359	230
858	390
4	2386
284	2617
284	2610
902	903
2908	960
2288	2289
242	525
918	58
316	21
1292	2139
1768	2207
322	1587
251	858
480	105
1667	21
251	582
1677	21
24	2331
1380	24
733	1500
1380	21
8	2716
17	366
436	322
311	96
2019	17
384	190
120	8
738	17
2659	1014
1635	650
22	735
1044	17
965	38
659	445
2961	24
81	242
600	17
1373	119
21	1735
1509	1549
4	1094
4	1098
486	1175
381	2117
8	1594
735	390
8	1592
390	69
807	478
2137	22
1784	17
682	21
1490	842
1573	24
1223	1224
1389	1390
612	1557
1129	21
2380	81
14	494
4	1671
348	2001
38	1484
38	1485
38	1483
337	630
485	278
21	242
109	105
101	390
302	144
16	1421
2564	24
1098	331
8	526
1895	8
8	520
1098	337
570	783
43	1672
177	178
2636	21
21	2637
43	1675
1315	8
101	6
101	4
189	233
2065	17
521	754
189	230
14	1723
337	21
2348	17
38	1684
1735	233
6	589
6	588
1030	278
630	133
6	585
1486	21
865	348
4	2013
4	2010
2	105
8	663
1157	38
591	1666
72	21
6	1079
90	406
636	1612
6	723
24	1203
276	4
202	203
2197	38
1797	81
54	1845
787	24
741	24
346	377
2875	343
1607	748
2236	2237
658	1035
47	824
24	2091
2203	8
1566	485
38	2860
17	8
38	819
945	17
17	2
863	21
1265	38
675	1378
17	4
312	56
1844	6
109	2276
2260	348
529	24
888	889
572	8
506	2348
2026	8
485	419
708	21
263	62
2914	960
1854	15
1582	8
84	21
84	25
528	8
381	1207
381	1201
127	21
4	1843
541	229
1517	21
2747	49
38	9
352	1034
38	6
38	4
184	311
1355	1356
620	105
112	181
93	278
736	145
2889	1528
419	842
933	934
17	112
24	628
532	21
419	848
14	2241
17	119
1981	21
1931	2691
1637	24
1455	390
464	636
135	142
183	93
58	345
1032	17
409	424
908	6
166	21
43	2242
43	2717
2557	278
626	478
2759	21
986	323
964	233
21	1307
39	505
43	1441
38	1569
43	1449
38	1566
185	21
417	24
352	14
2656	17
6	1514
6	1516
6	1510
6	1511
4	1462
4	1463
47	2038
4	1464
1400	2955
1548	1549
47	2744
2020	58
731	732
195	21
1497	242
1969	6
1864	105
43	2866
43	2863
1542	38
6	1301
4	2907
1698	44
773	1257
38	2671
366	1768
119	1547
519	520
244	162
439	612
1826	21
162	1565
68	69
6	896
4	1287
4	1282
14	530
4	1281
22	1108
903	251
191	1246
1989	21
141	8
21	1024
462	4
1251	1252
105	117
105	112
2045	17
2470	570
248	249
14	1918
3	4
3	8
14	1912
2497	58
4	192
10	371
348	1486
109	58
21	2795
348	2769
6	919
6	916
374	406
6	913
6	910
6	267
966	244
2792	6
13	1109
4	438
331	21
75	8
431	112
2505	478
184	1120
1342	21
159	21
1986	17
159	24
206	62
38	644
21	2576
2568	17
923	58
16	1573
273	17
688	715
185	260
44	874
1095	24
2336	2
88	24
174	24
1651	8
43	576
22	2240
438	1210
61	14
1547	1006
1874	17
2072	2073
2055	21
268	269
14	2584
21	1177
14	2588
13	56
515	516
14	136
1279	4
2806	14
43	796
43	797
162	144
184	126
8	348
2159	17
1281	144
2047	21
1767	21
1366	505
55	17
1767	24
413	21
2325	318
81	1008
251	875
1765	44
43	81
43	82
629	184
2652	2653
414	2334
1192	1193
17	22
8	2731
1774	959
424	10
24	1323
1988	4
43	2387
1115	17
1489	17
1	412
425	485
1070	21
1070	24
1171	1495
2745	4
2715	8
191	192
659	468
17	2388
887	21
1846	14
39	775
6	1265
133	793
93	171
4	1075
4	1074
2412	38
1495	1542
1409	17
988	8
2598	144
390	47
424	505
390	44
54	55
1374	424
1058	6
1284	8
1817	144
1596	17
2917	175
53	4
2063	105
1453	147
158	159
681	8
2526	21
636	1964
8	2597
387	36
387	34
1595	14
1788	251
133	134
1481	21
2362	419
2084	8
977	8
2912	424
1913	38
97	1222
2686	8
2763	21
443	24
1116	21
93	6
93	4
2286	4
90	241
108	43
6	1899
284	6
647	648
45	1845
244	6
1409	144
261	262
24	1049
771	1629
390	144
463	377
700	17
340	10
4	1708
1393	233
1779	552
1488	233
6	1098
332	333
1943	21
6	701
6	700
6	707
6	706
6	705
6	704
1852	1506
523	524
1702	8
371	284
2223	43
38	783
1558	1004
38	781
381	2966
62	419
2450	1659
1569	14
230	12
10	495
1965	262
490	8
21	2216
38	2392
114	521
516	8
67	17
592	17
244	38
150	151
62	659
38	877
38	2396
654	24
12	43
387	1237
359	21
1733	478
1176	2186
22	1904
1401	14
1076	2723
1019	1907
633	14
2862	17
1405	1779
336	166
2023	119
381	1269
15	497
24	428
24	424
24	427
4	1826
24	422
240	693
251	467
251	462
191	2609
602	83
1355	1374
428	390
1296	8
62	1772
1568	81
62	1776
144	348
62	1774
247	17
247	14
533	123
17	177
2687	17
21	1093
21	1543
21	1090
24	644
1380	883
1319	1320
8	1125
322	814
1601	21
6	840
1977	24
337	480
2172	38
1309	17
21	1325
21	1327
710	62
2023	24
62	1592
356	14
2790	21
533	693
2460	40
22	2839
17	1844
17	1846
8	2696
112	336
659	1176
81	62
184	2732
184	2730
81	69
16	2181
4	1445
541	4
1709	233
2191	22
2191	21
1180	17
6	1791
58	85
1851	2825
6	1799
420	21
894	6
34	47
34	45
1804	424
251	1636
396	1731
2527	8
439	14
763	552
2535	296
6	2689
6	2681
1958	184
39	17
6	2686
57	81
1948	1320
16	641
1156	43
419	2431
4	182
4	180
6	1132
419	2836
4	185
4	635
4	636
136	21
6	2532
2549	2550
6	2537
6	2535
6	2539
1877	8
22	34
419	556
6	937
6	931
6	933
21	630
2452	17
6	938
21	634
21	636
58	2007
24	1901
484	2
16	1377
484	8
463	38
162	38
4	981
159	43
419	83
184	1145
883	58
190	24
47	1893
190	22
1450	86
1964	1965
248	262
21	2518
478	458
4	722
21	2517
38	663
82	189
297	4
2809	10
2693	4
24	1728
1121	24
1121	21
24	1674
528	775
24	401
43	227
645	881
481	10
1643	6
58	119
76	77
58	112
6	2023
2958	2959
321	17
2469	38
986	1461
2	925
2	436
8	369
184	140
371	2463
184	144
1941	24
307	308
436	105
58	801
485	1387
1739	715
540	8
17	544
587	38
438	21
251	897
2562	81
4	2694
2510	44
229	87
96	799
17	322
2246	14
424	34
62	1907
2135	81
45	2489
435	112
727	377
967	17
602	435
1678	4
971	38
56	10
549	24
1062	38
47	2468
1943	2888
22	771
96	2344
2049	24
24	2594
36	58
424	529
735	47
14	274
881	17
322	22
771	87
584	17
879	880
883	2856
796	17
334	335
1338	105
2433	485
4	2963
8	1666
228	321
1927	24
885	21
1889	233
1265	809
458	10
1407	81
81	203
2567	21
485	233
733	734
387	10
118	2295
1385	322
181	62
2262	8
21	284
17	40
8	2488
38	1622
302	105
1322	24
38	1621
877	240
1755	6
745	826
14	1762
6	1309
1410	21
685	24
2297	76
6	1303
2377	242
6	892
1693	21
6	890
90	2077
311	896
6	544
6	547
6	898
6	540
248	24
244	590
248	21
2658	2659
1336	138
24	1067
262	641
8	2317
379	380
463	424
2223	883
2574	21
563	17
1330	21
457	458
233	167
855	105
24	1245
21	2182
0	1
325	14
381	2905
2223	21
1554	17
2223	24
34	2236
251	739
2719	21
860	21
2608	21
2160	14
2103	44
1282	81
104	189
1507	22
2809	2516
38	500
872	17
1429	21
374	1334
38	858
1311	8
1964	318
849	2
288	289
925	8
17	1615
13	122
529	62
2966	24
1841	24
832	4
392	17
374	369
6	2024
6	2027
6	2026
2938	2939
24	409
43	947
764	105
840	90
118	17
43	949
1281	81
629	552
126	21
206	2140
24	2745
185	905
1397	109
2064	771
514	316
554	555
63	1077
24	662
1715	241
44	1699
14	2155
14	2159
746	119
17	152
167	1417
185	2917
8	1499
43	1488
930	22
783	505
8	1495
1207	2960
83	21
83	24
121	183
6	1983
6	1450
4	2571
4	2573
1478	21
347	2417
116	21
4	2578
1384	8
2974	14
171	159
81	40
1494	69
712	58
250	21
338	8
616	21
24	2127
1406	17
135	1578
2502	2503
765	419
2739	8
1520	438
8	2415
22	1494
387	366
1912	43
451	21
251	1653
1699	8
2847	17
1276	1277
1704	190
2327	189
414	144
1953	14
22	439
1245	21
16	323
184	1576
424	1752
4	2913
419	2418
424	1209
1633	8
1263	311
6	1112
6	1114
372	17
6	1118
946	21
457	14
1340	14
4	171
419	1884
21	615
96	84
22	1004
6	952
1242	1243
6	956
6	955
419	577
6	959
659	81
414	58
112	2477
2069	2
17	90
21	2751
2221	2222
2906	2
2758	386
774	81
1857	21
959	537
1818	21
43	2759
744	17
380	4
589	58
2944	43
449	21
14	1957
663	1285
1444	1876
14	1958
534	387
357	358
1391	855
116	117
2076	1769
6	377
712	8
6	373
14	2813
1700	1701
500	1623
387	251
43	209
81	2733
81	2739
1336	1685
1097	81
162	14
169	125
663	1066
2354	419
123	17
419	1666
2541	21
284	144
63	2577
1176	636
762	190
1682	21
2320	485
162	185
670	390
2	419
1419	1420
2054	2055
874	8
2166	282
908	278
247	112
1083	62
1448	21
195	140
105	1167
62	1933
2107	17
58	1798
1398	8
1041	8
520	21
43	44
43	47
6	616
676	10
676	17
8	1867
34	1907
107	17
1873	17
302	76
142	24
1355	21
1355	24
82	1131
916	8
10	2114
13	1501
1929	325
43	1831
1172	1173
842	21
4	1030
1814	105
2080	21
1124	8
1	1849
1537	21
2165	691
938	21
814	986
424	57
203	1103
376	21
507	62
893	894
2621	21
419	766
14	2464
504	21
43	1348
1911	21
44	6
44	4
38	69
1909	419
458	38
58	538
1374	8
44	519
14	1342
2724	105
1731	38
1725	17
246	247
735	229
43	1699
8	814
442	112
651	813
1140	38
38	1643
38	1646
244	348
8	2085
685	43
6	1322
8	2082
343	119
1053	58
2490	21
167	659
24	1004
2809	347
447	448
6	567
2341	14
278	1311
840	2837
104	105
2089	2090
1983	17
876	424
2244	8
272	43
1622	612
2464	81
1763	10
1400	93
229	636
6	2476
6	295
475	387
6	2473
14	2602
1549	6
532	24
638	24
476	17
1365	17
184	63
1313	1314
1185	1186
2384	21
2581	21
666	96
2692	6
62	348
799	575
2199	21
135	885
205	2410
207	17
774	775
4	867
4	860
915	244
4	862
4	863
22	1942
1534	1535
1994	81
432	419
22	1948
478	82
2677	578
6	747
6	743
13	105
2645	21
1697	144
897	6
15	21
463	16
463	14
2647	8
1393	483
1661	2349
284	709
919	21
25	282
6	2008
814	167
6	2262
24	467
24	466
336	123
24	468
322	2191
615	144
43	926
54	187
1434	38
2921	2922
236	237
396	58
512	21
1825	58
2701	8
38	1653
1867	1868
233	2848
1491	414
21	1059
24	686
251	644
2786	62
167	1169
1846	519
788	2
83	43
10	1724
272	146
1669	788
707	8
1131	242
374	90
56	2011
1703	21
636	380
742	6
742	4
2123	14
230	1837
1793	478
189	636
6	2916
2474	38
6	2919
6	2918
144	2538
424	2413
112	126
8	2657
2213	21
14	881
380	424
81	22
81	24
445	483
2090	6
446	17
2	2789
1931	2678
1040	105
166	2243
17	733
2466	2467
1970	21
691	592
2295	2296
43	2807
22	184
22	189
22	634
187	17
1	643
96	1875
1598	21
2090	14
6	120
1323	348
2	2168
539	540
81	144
1533	908
272	1987
81	419
788	21
2427	24
21	183
14	550
6	2648
21	184
22	452
22	453
21	189
2392	21
840	2197
2515	21
2631	24
4	2972
6	1119
2597	21
6	1178
6	1179
4	2616
6	1172
6	1173
6	1170
192	14
1229	21
21	363
1081	4
43	1574
1907	2585
45	339
1289	1969
2633	21
852	21
2034	21
590	43
1598	240
2766	2
1543	1320
251	2324
1327	112
650	211
1744	2384
1578	1600
2740	24
1565	262
618	240
478	419
4	670
2041	486
4	675
1919	17
17	2915
2494	14
2924	8
390	667
6	359
424	1953
1935	959
6	351
24	1638
934	17
1428	1429
24	1630
242	22
1246	38
1051	999
1449	62
4	490
1939	478
88	89
2278	580
13	669
424	908
9	883
38	957
184	1932
4	2304
38	951
1717	6
1917	119
17	96
602	2623
272	2189
505	162
1	2
1585	17
43	482
76	106
17	502
262	858
43	69
43	63
1634	1635
2629	10
2223	570
2629	17
2609	105
1357	24
2005	10
1357	21
2744	1334
691	612
295	123
2461	10
387	1132
2699	58
43	2325
43	2320
546	478
1134	58
424	650
354	1864
1805	119
284	571
760	38
24	144
62	1491
24	143
24	140
2750	21
43	2148
188	38
251	366
1413	1414
746	6
43	2141
14	945
539	14
758	759
8	1517
69	2187
1237	6
1099	1100
529	247
14	2434
14	2340
278	2
612	144
377	8
43	1368
454	535
43	1364
112	251
40	1857
733	771
166	183
1719	532
1257	21
1186	21
2668	17
2727	21
38	1660
38	1667
4	5
1821	24
58	1721
1140	58
2257	21
395	2492
6	1342
81	1465
419	1433
2351	184
424	1549
323	44
2348	2507
599	43
112	662
355	2175
1966	2561
813	8
2231	54
272	21
2014	38
454	17
1343	17
8	2354
38	2407
38	2405
2220	21
38	2403
2930	175
1147	17
1642	17
14	1851
1033	6
1085	17
2718	2719
1931	292
476	38
237	21
671	21
926	390
723	381
36	1934
1007	21
1634	478
2793	21
1012	233
109	2545
4	801
1922	8
21	421
886	458
21	428
2383	24
1500	47
148	149
641	1856
16	1473
581	21
1556	17
774	135
100	101
6	2062
6	2066
6	2069
1433	17
2826	126
2785	21
1666	38
1751	478
24	444
771	278
2895	17
38	894
860	2901
24	90
948	16
43	673
478	608
295	24
1442	21
1866	493
2682	2683
493	1948
2337	6
1568	21
189	436
578	109
814	1823
564	406
371	1566
62	1068
371	1561
1176	4
343	87
203	204
251	996
8	220
22	2437
1327	90
1820	1821
1571	17
485	81
926	14
485	1204
683	38
1335	62
492	211
2119	10
412	6
2180	184
1293	1294
2501	121
105	1465
17	261
17	262
352	96
105	1469
1645	21
2	2818
314	315
260	21
1865	1866
81	387
2077	21
437	8
2594	14
1480	17
848	144
63	208
675	2381
2044	8
22	614
22	615
1629	612
2890	2019
90	2687
2227	14
2684	2351
103	104
10	2651
424	468
2731	21
22	83
1153	6
576	1015
1483	17
6	1488
1798	21
6	2660
58	1397
17	2555
6	1486
22	479
6	2669
14	203
4	1207
1604	21
62	2889
21	162
189	87
424	1718
8	1720
47	338
1479	6
58	2750
6	2592
2512	6
2151	1628
2175	8
1370	478
853	8
276	162
21	307
1222	8
1674	17
621	8
45	318
938	539
775	2219
2775	1014
688	21
177	789
17	58
1875	193
14	1624
14	1625
14	1621
959	17
94	38
226	1411
927	284
1450	21
1772	353
463	2168
1501	58
2703	2704
6	1154
6	1627
6	1156
14	55
14	52
6	1623
6	1621
4	124
6	1158
4	651
1251	24
242	114
242	112
1898	112
169	1542
162	1645
162	419
6	339
24	1341
43	244
424	2435
69	1575
2013	21
608	21
1207	21
2132	17
2584	62
593	21
593	24
2377	17
463	614
641	653
1119	184
883	463
786	6
13	641
2114	4
2114	6
105	47
38	979
1061	1062
105	43
4	2321
773	4
1053	1054
109	2153
8	889
241	24
1122	1123
632	21
241	21
14	2425
185	774
435	645
107	58
987	101
82	345
2634	8
24	781
185	1696
24	789
2202	21
766	478
2291	2292
119	4
119	6
1988	230
1785	478
2348	478
2955	6
799	43
144	2729
24	162
1986	381
424	586
1046	87
36	37
247	840
1721	81
2891	62
418	419
127	1718
1380	81
387	2688
1559	17
2048	21
17	387
43	2300
21	1246
62	1212
225	226
2379	2380
38	1461
613	21
123	662
14	2735
97	1116
272	337
339	17
44	45
2601	8
377	1237
185	544
81	322
478	986
1098	17
408	21
1405	2638
1599	390
2296	4
1409	233
386	17
787	2463
233	1915
275	21
38	1683
1454	21
24	2359
1235	21
8	852
17	927
17	925
6	1819
6	1361
6	1811
6	1365
4	1690
4	1694
62	2947
134	17
1004	1265
81	590
24	222
2648	76
27	14
1615	272
463	442
292	2
24	226
1	503
167	556
527	641
81	177
2	144
21	814
17	1548
10	414
663	818
2228	251
1914	44
6	839
988	24
24	663
6	527
6	834
1838	119
1776	58
6	520
2810	2710
320	21
4	351
15	439
2033	1455
22	1237
336	693
336	692
783	2246
1375	17
21	442
1367	38
348	878
133	1318
2809	2867
16	1108
2926	578
968	38
2116	381
1666	17
1144	8
645	783
6	2042
6	2040
2028	8
506	3
6	2044
764	162
2761	14
840	38
76	805
17	2896
58	1050
38	560
2	1240
2532	21
16	1030
2880	21
82	21
82	22
575	14
21	1013
63	1014
21	1010
203	221
272	1334
1644	1615
233	2803
442	242
40	109
428	4
960	419
428	6
1113	21
783	2114
2542	2543
251	602
8	203
614	16
58	743
41	424
1221	97
166	81
153	125
159	188
1303	21
1625	1626
776	777
126	44
789	439
1444	6
24	2271
371	2367
229	230
233	14
6	2958
855	10
855	17
1136	1999
2481	21
6	2953
757	62
17	715
162	273
17	242
2917	871
716	43
485	2421
2690	58
942	83
24	2188
1462	2520
2285	8
598	8
2130	2
817	24
1669	24
2	2747
412	545
2361	8
21	1905
10	784
410	311
180	17
22	1439
1748	38
2089	21
22	1436
128	593
424	445
408	311
22	68
22	2793
1619	14
21	145
1334	1410
184	2118
98	99
22	497
22	492
14	599
14	268
4	1032
16	347
14	260
4	1736
14	597
2330	21
1175	925
2330	24
191	492
228	244
8	1703
21	44
21	47
636	1863
21	40
21	43
5	6
440	21
21	322
96	2936
1636	21
96	21
96	22
21	137
38	1143
690	691
1371	17
1552	21
10	1327
17	38
2358	24
2241	81
377	1001
947	21
351	8
311	336
959	38
562	563
318	17
8	2665
1052	1053
16	1599
2186	242
837	17
6	1605
1856	25
4	103
4	102
233	519
14	70
1251	1551
2087	94
390	336
6	314
6	316
311	485
1075	24
797	798
17	2956
17	2954
2607	458
24	1366
1279	44
6	15
2214	748
2622	17
1803	24
1882	1575
2391	58
214	21
801	21
251	2367
2222	21
16	1840
16	2
243	21
13	623
424	940
114	934
1764	81
1495	185
1952	17
371	561
38	912
105	22
105	25
2143	21
17	1752
2900	101
921	233
364	365
2770	691
825	76
9	10
2807	2808
387	1310
1171	44
511	17
442	658
1294	58
1492	58
2573	17
1762	17
2432	43
38	489
6	605
6	2385
608	844
1020	162
24	2873
1304	1305
1307	229
827	17
2839	1931
259	21
94	119
424	615
311	2491
1034	8
419	760
2185	17
353	22
1975	14
62	1456
497	12
105	6
44	1759
1258	468
24	109
24	103
2399	1006
447	43
24	105
1316	43
348	243
247	532
349	350
140	62
2488	45
442	1515
64	490
10	578
547	10
603	532
1718	9
1274	21
1718	2
1718	6
697	21
8	12
8	16
8	14
43	1988
8	1689
348	514
943	38
58	227
121	1258
58	220
38	1397
271	21
97	1137
2299	21
81	828
14	902
1150	1151
1347	81
1420	17
519	1987
4	2708
435	14
233	1937
552	14
1752	1953
6	1839
456	21
62	63
743	744
17	907
62	69
1477	8
1328	1329
2742	21
1199	62
652	105
419	316
673	17
1621	233
1042	105
1075	1076
14	675
2842	24
986	2758
22	1668
14	678
602	1705
463	6
463	4
463	2
38	2444
371	779
6	1313
14	1819
83	877
2716	24
2271	229
1372	612
2116	21
41	14
1779	17
493	21
10	432
1689	105
532	81
493	24
10	434
405	235
1914	21
458	4
458	6
2181	348
1526	1527
957	478
6	811
6	817
2228	612
636	1079
1484	62
2793	6
4	377
91	38
1626	21
336	679
21	463
1412	155
1516	8
641	1898
162	6
162	4
242	6
162	2
38	761
38	765
97	98
119	1806
377	112
185	186
2106	21
440	230
1464	105
137	58
541	558
6	2206
24	377
82	4
24	1797
43	636
643	644
1327	4
54	123
1875	21
38	585
1744	21
1004	485
478	645
1772	1972
77	519
8	812
262	4
81	1223
6	107
1888	17
2	608
6	103
92	17
942	323
21	1030
262	371
410	44
410	40
1292	1293
476	251
348	1680
961	24
961	21
754	21
24	594
578	24
440	1644
463	948
117	9
2890	58
117	6
481	191
1790	38
38	2205
2042	24
1335	21
2755	14
2027	17
1626	229
503	58
431	22
1394	21
1830	21
996	783
14	2045
641	2912
158	2917
38	2142
387	895
485	2447
17	227
1430	1431
1551	58
649	58
2032	8
1564	40
2801	17
1296	44
680	58
404	233
590	662
414	415
659	918
22	650
414	1038
1390	8
2483	21
421	6
62	829
22	43
424	425
1586	1587
2552	38
1638	1639
1108	58
14	244
6	2629
608	135
14	242
1941	17
6	2621
6	2620
1609	348
229	6
1333	24
1629	2551
229	2
16	419
641	767
229	8
228	229
21	2929
1634	21
21	63
21	62
21	61
272	24
1093	426
1644	21
541	2422
21	698
1501	715
21	879
988	62
21	873
2583	14
1899	8
38	1162
1626	6
1662	8
1498	58
670	76
177	748
2139	8
590	21
17	14
2575	94
17	12
6	1990
17	2046
17	2041
6	1448
4	2251
6	1446
6	1447
6	1441
959	53
2941	2942
492	419
14	863
2036	43
894	387
4	163
90	507
8	2230
229	419
14	1486
194	16
14	1483
6	1198
1844	21
1647	1648
2359	6
1168	21
1550	21
2707	17
6	1191
14	15
419	2728
1840	38
348	1842
419	2720
419	2726
24	1308
875	14
1226	1227
506	112
6	33
6	31
521	1912
6	35
2265	58
6	39
1777	81
1088	21
1934	1336
297	58
21	2310
1504	715
1060	1954
371	543
505	105
244	1468
953	8
1450	189
296	14
809	169
1450	184
284	1559
167	406
240	241
124	125
1462	2399
114	1940
348	1541
1465	14
6	2368
82	385
2521	17
82	387
1378	1379
397	21
24	293
24	742
2360	17
24	296
920	233
16	2553
1976	14
185	1387
2193	123
912	62
1591	24
565	14
206	2564
8	1571
76	184
230	14
389	390
641	2440
452	112
303	119
604	6
2309	21
2600	189
63	1603
21	1758
2894	529
14	2458
2555	2556
43	2349
1247	17
2925	922
746	419
2097	8
2	589
43	2433
284	2050
8	73
8	74
8	76
726	189
505	6
955	311
144	419
505	2
1996	541
783	45
1589	21
2902	112
105	1039
69	2164
4	2723
24	2533
4	1520
2373	2374
69	1124
1111	6
749	21
10	459
956	8
2767	2768
1060	159
193	21
2409	419
62	47
706	62
43	715
2589	17
135	38
22	823
1195	21
1584	663
22	352
1016	144
1471	1472
1269	24
185	2267
4	1387
4	1386
1775	17
4	606
344	17
2754	387
386	323
2219	1852
1871	601
112	354
6	1276
6	1270
925	808
81	663
2047	1852
6	1279
105	1948
2794	1616
6	872
305	21
935	21
1600	446
485	6
485	4
323	21
419	2269
1776	17
2467	21
4	310
4	316
21	486
21	484
2881	445
348	2179
348	528
21	2123
2	9
2	6
2	4
2289	17
2	3
804	76
1575	2143
14	1830
1400	17
1621	24
38	746
1621	21
699	144
1002	22
1679	58
58	1013
76	840
1846	1587
1828	1829
24	353
1971	8
24	356
17	2850
4	2126
4	2124
410	2548
1549	1550
43	611
1997	1998
2660	2661
43	615
43	342
636	2389
2596	233
8	797
2617	87
25	1555
10	45
10	47
6	123
805	806
6	127
1270	492
6	128
1637	2002
1324	17
783	6
783	2156
1979	132
2545	105
8	60
1317	2
614	58
76	262
260	242
2189	165
260	247
260	244
478	1
478	6
1320	38
387	529
1539	38
1772	1951
184	482
17	203
2024	8
6	528
14	2021
492	1495
38	2120
119	1213
38	2674
969	485
284	476
127	8
1164	473
24	93
839	1453
548	14
2201	6
2653	109
414	436
1411	17
38	2699
22	23
1548	763
1846	4
22	27
22	25
8	1291
133	1518
419	799
386	135
1523	21
371	1858
1523	24
8	2925
1024	1052
21	109
493	715
4	1264
2208	21
21	101
4	1267
21	105
16	2058
8	1742
2605	1242
1722	14
1660	278
889	105
334	1385
2706	2707
1306	387
139	21
21	2946
993	8
21	1417
895	311
21	1941
81	327
381	443
21	1949
419	591
419	599
2863	278
1786	336
103	2484
316	1769
233	1548
1599	278
233	1013
2675	2676
919	24
1348	105
311	47
6	1462
2488	2877
184	2624
148	62
2095	112
6	462
6	461
1039	17
1280	322
2206	287
6	1641
6	1642
4	147
14	39
641	2191
4	141
1454	1455
2148	17
2346	8
24	1855
6	608
24	1851
24	1852
24	1325
6	600
824	825
439	278
114	38
505	38
1055	1056
6	59
240	619
797	1152
1435	21
797	1663
1125	21
510	17
468	17
419	1523
241	81
113	114
87	1048
2434	24
424	184
397	521
227	1890
21	210
424	189
523	954
395	21
54	2474
1427	21
2351	43
1066	24
1443	1444
18	24
109	2791
13	1033
69	233
24	726
541	105
2696	92
6	2342
24	729
2109	21
994	58
2310	2311
663	406
102	24
414	2462
1154	1155
76	183
62	1146
383	21
383	22
2094	21
10	1629
191	354
540	17
2099	43
578	354
1740	8
144	591
2250	184
165	6
224	31
2516	230
662	38
1405	1406
1462	17
662	34
22	2113
867	105
2209	1846
1282	17
1675	21
189	727
1681	38
105	1545
339	2
40	412
2638	21
1449	1450
227	2878
1272	1273
24	2001
278	311
322	974
1871	444
4	2746
62	2147
8	2025
1917	21
119	390
69	1450
17	946
590	144
22	595
22	2290
6	1871
17	949
6	1875
17	419
105	233
22	1599
158	1819
158	49
22	1595
1039	144
86	87
2004	17
1151	21
